date,open,close,high,low,volume,volume
2022-05-18,44.08579053131279,44.92214475682644,46.31134330089996,43.9440355778359,9392.0,9392.0
2022-05-19,44.0716150359651,44.62445935452497,44.95049574752182,43.77392963366363,10206.0,10206.0
2022-05-20,45.33323412190942,46.11288636603232,46.60902870320144,44.62445935452497,14451.0,14451.0
2022-05-23,46.21211483346614,46.67990617993988,47.34615446128126,45.786849973035466,11120.0,11120.0
2022-05-24,46.7791346473737,44.55358187778653,48.15415769609953,44.4543534103527,20411.0,20411.0
2022-05-25,44.28424746618043,44.48270440104808,44.55358187778653,43.39119125927603,11392.0,11392.0
2022-05-26,44.56775737313422,44.0716150359651,44.79456529869724,42.95175090349767,10609.0,10609.0
2022-05-27,44.51105539174346,45.19147916843253,46.31134330089996,44.298422961528125,13625.0,13625.0
2022-05-30,45.07807520565102,45.404111598647866,46.05618438464156,43.80228062435901,10481.0,10481.0
2022-05-31,45.44663808469094,49.94027010990834,49.94027010990834,44.80874079404493,18346.0,18346.0
2022-06-01,51.84928406838301,52.41516984266276,54.50894720749788,50.25065675604269,59967.0,59967.0
2022-06-02,52.42931698701977,57.66376039910754,57.66376039910754,51.4107225933162,51454.0,51454.0
2022-06-06,57.5222889555376,59.545330598587746,61.766432262635796,51.89172550145399,74624.0,74624.0
2022-06-07,57.2676403571117,55.485100168130465,58.61161907102614,55.20215728099059,41024.0,41024.0
2022-06-08,55.81048448834133,55.72560162219936,55.951955931911264,53.433764236366336,34336.0,34336.0
2022-06-09,55.58413017862942,53.40546994765235,55.58413017862942,52.75470130723062,23479.0,23479.0
2022-06-10,53.33473422586738,56.63101886104698,58.215499029030305,52.51419985316172,42355.0,42355.0
2022-06-13,56.63101886104698,56.093427375481205,58.2437933177443,55.59827732298641,29270.0,29270.0
2022-06-14,55.82463163269832,57.69205468782153,58.04573329674638,53.10837991615547,40416.0,40416.0
2022-06-15,57.904261853176436,63.46408958547508,63.46408958547508,57.80523184267748,30433.0,30433.0
2022-06-16,63.47823672983207,64.15729965896779,69.8161574017654,63.47823672983207,78411.0,78411.0
2022-06-17,64.14315251461079,68.30241295556704,70.58010319704306,61.72399082956482,114724.0,114724.0
2022-06-20,67.14234711829351,69.74542167998041,74.32909645164646,65.7842212600221,86624.0,86624.0
2022-06-21,71.4430790028197,68.18923580071107,71.4430790028197,65.92569270359203,42513.0,42513.0
2022-06-22,67.86385148050022,65.60030838338118,68.01947006842714,65.24662977445632,28377.0,28377.0
2022-06-23,65.7842212600221,68.71268014191986,69.8020102574084,64.48268397917865,39509.0,39509.0
2022-06-24,67.79311575871525,67.00087567472357,68.69853299756286,66.25107702380289,28964.0,28964.0
2022-06-27,66.98672853036659,71.37234328103473,73.69247495558174,65.47298408416823,63432.0,63432.0
2022-06-28,73.84809354350868,78.51665118131669,78.51665118131669,69.74542167998041,74975.0,74975.0
2022-06-29,78.51665118131669,71.57040330203264,81.45925720757144,71.55625615767565,58505.0,58505.0
2022-06-30,70.749868929327,67.58090859336033,71.57040330203264,65.84080983745007,47750.0,47750.0
2022-07-01,67.53846716028936,67.14234711829351,70.14154172197624,65.71348553823714,28677.0,28677.0
2022-07-04,67.12819997393653,64.10071108153981,67.14234711829351,62.2474351707736,33929.0,33929.0
2022-07-05,62.813320945053356,63.4357952967611,66.9159928085816,62.360612325629546,26367.0,26367.0
2022-07-06,63.067969543479244,62.91235095555231,64.51097826789264,61.44104794242494,25489.0,25489.0
2022-07-07,62.91235095555231,64.8222154437465,66.63304992144174,61.96449228363371,36776.0,36776.0
2022-07-08,65.3032183518843,71.30160755924976,71.30160755924976,65.3032183518843,38855.0,38855.0
2022-07-11,71.27331327053577,72.15043622066939,73.08414774823099,66.70378564322671,51617.0,51617.0
2022-07-12,71.01866467210988,64.93539259860245,71.01866467210988,64.93539259860245,36926.0,36926.0
2022-07-13,64.66659685581958,63.648002462116004,65.7842212600221,62.38890661434354,21004.0,21004.0
2022-07-14,63.67629675082999,67.08575854086554,67.34040713929144,63.29432385319115,21736.0,21736.0
2022-07-15,66.68963849886971,69.15124161698667,71.4430790028197,66.51987276658579,41162.0,41162.0
2022-07-18,69.15124161698667,69.88689312355035,71.86749333352951,68.387295821709,28957.0,28957.0
2022-07-19,70.2547188768322,69.49077308155452,71.6552861681746,67.92044005792819,16834.0,16834.0
2022-07-20,70.21227744376122,67.73652718128727,70.21227744376122,67.07161139650854,16232.0,16232.0
2022-07-21,67.28381856186347,67.28381856186347,69.71712739126643,66.9159928085816,12855.0,12855.0
2022-07-22,67.92044005792819,66.63304992144174,68.33070724428102,65.58616123902418,13892.0,13892.0
2022-07-25,66.66134421015572,64.3412125356087,67.34040713929144,64.08656393718282,12481.0,12481.0
2022-07-26,65.09101118652939,65.35980692931228,65.57201409466718,63.67629675082999,8512.0,8512.0
2022-07-27,65.00612832038743,71.8957876222435,71.8957876222435,64.52512541224964,35301.0,35301.0
2022-07-28,72.8577934385191,79.08253695559645,79.08253695559645,72.61729198445019,89940.0,89940.0
2022-07-29,76.55019811569453,78.46006260388872,80.49725139129585,75.70136945427488,47077.0,47077.0
2022-08-01,80.04454277187205,77.24340818918724,81.3177857640015,75.61648658813293,43507.0,43507.0
2022-08-02,76.79069956976343,73.63588637815376,77.24340818918724,72.8436462941621,41667.0,41667.0
2022-08-03,74.37153788471745,71.99481763274247,75.82869375348784,71.58455044638964,30885.0,30885.0
2022-08-04,71.21672469310779,68.55706155399292,72.32020195295333,67.94873434664218,36567.0,36567.0
2022-08-05,68.74097443063384,75.41842656713501,75.41842656713501,67.75067432564427,45668.0,45668.0
2022-08-08,77.15852532304527,82.95885450941282,82.95885450941282,73.39538492408487,51714.0,51714.0
2022-08-09,83.18520881912471,86.15610913409346,91.10760965904136,81.78464152778231,71192.0,71192.0
2022-08-10,85.59022335981369,90.62660675090356,94.304864283722,84.40186323382619,59001.0,59001.0
2022-08-11,89.39580519184507,89.1270094490622,91.81496687689106,86.82102491887217,39489.0,39489.0
2022-08-12,91.78667258817705,89.46654091363006,93.90874424172615,87.9669436117887,36835.0,36835.0
2022-08-15,87.71229501336279,88.36306365378452,90.93784392675742,86.17025627845044,25712.0,25712.0
2022-08-16,88.36306365378452,86.93420207372813,88.95724371677827,86.3117277220204,19396.0,19396.0
2022-08-17,88.23573935457156,95.63469585327942,95.63469585327942,87.28788068265298,29518.0,29518.0
2022-08-18,95.63469585327942,100.43057779030039,102.14238225749668,94.85660291364476,68454.0,68454.0
2022-08-19,98.32265328110829,94.19168712886605,100.43057779030039,93.79556708687021,39381.0,39381.0
2022-08-22,94.33315857243599,98.11044611575338,102.55264944384949,94.33315857243599,45348.0,45348.0
2022-08-23,98.16703469318136,93.3711527561604,100.69937353308329,92.53647123909775,38693.0,38693.0
2022-08-24,93.3711527561604,86.21269771152143,93.52677134408732,85.54778192674272,32068.0,32068.0
2022-08-25,86.2975805776634,89.84851381126889,92.52232409474077,86.2975805776634,37418.0,37418.0
2022-08-26,88.97139086113526,83.2417973965527,89.91924953305386,82.81738306584288,27044.0,27044.0
2022-08-29,82.22320300284912,91.56031827846516,91.56031827846516,80.44066281386787,33670.0,33670.0
2022-08-30,95.35175296613956,92.80526698188062,96.22887591627318,91.09346251468436,46415.0,46415.0
2022-08-31,93.3711527561604,83.53888742804956,94.304864283722,83.52474028369257,39770.0,39770.0
2022-09-01,82.7607944884149,80.21430850415598,83.45400456190761,77.58293965375509,35615.0,35615.0
2022-09-02,81.23290289785955,86.42490487687634,88.23573935457156,78.12053113932086,44997.0,44997.0
2022-09-05,87.0049377955131,82.90226593198484,87.35861640443794,82.06758441492218,34017.0,34017.0
2022-09-06,83.31253311833767,87.07567351729806,87.71229501336279,81.3460800527155,37430.0,37430.0
2022-09-07,86.2834334333064,95.79031444120636,95.79031444120636,84.31698036768424,43699.0,43699.0
2022-09-08,97.70017892940056,89.01383229420624,102.14238225749668,88.4055050868555,80770.0,80770.0
2022-09-09,89.93339667741085,85.91560768002455,90.20219242019374,82.94470736505582,43990.0,43990.0
2022-09-13,86.60881775351726,94.50292430471991,94.50292430471991,86.09952055666548,40997.0,40997.0
2022-09-14,92.6072069608827,92.67794268266769,96.31375878241515,91.02272679289939,40565.0,40565.0
2022-09-15,93.01747414723555,89.1553037377762,93.66824278765726,86.3117277220204,32218.0,32218.0
2022-09-16,88.4196522312125,98.0680046826824,98.0680046826824,87.37276354879494,59256.0,59256.0
2022-09-19,98.19532898189534,98.02556324961142,100.41643064594341,93.08820986902052,65482.0,65482.0
2022-09-20,97.12014601076382,99.68077913937971,101.70382078242986,94.80001433621679,42033.0,42033.0
2022-09-21,98.69047903439015,101.73211507114384,105.18401829425038,97.64359035197258,42812.0,42812.0
2022-09-22,100.27495920237347,96.97867456719386,102.07164653571171,96.34205307112913,33297.0,33297.0
2022-09-23,99.87883916037762,89.90510238869686,99.87883916037762,87.28788068265298,65973.0,65973.0
2022-09-26,88.57527081913943,90.0465738322668,92.84770841495161,87.71229501336279,30850.0,30850.0
2022-09-27,89.63630664591398,90.34366386376368,93.93703853044016,87.38691069315193,35304.0,35304.0
2022-09-28,91.10760965904136,81.30363861964452,91.10760965904136,81.30363861964452,43264.0,43264.0
2022-09-29,80.6245756905088,79.2240083991664,81.30363861964452,76.39457952776759,31962.0,31962.0
2022-09-30,78.09223685060688,72.58899769573621,79.2240083991664,72.50411482959424,38962.0,38962.0
2022-10-10,72.50411482959424,69.5332145146255,73.7773578217237,68.99562302905974,25741.0,25741.0
2022-10-11,68.82585729677581,69.0380644621307,72.00896477709945,67.92044005792819,23908.0,23908.0
2022-10-12,68.04776435714113,74.90912937028322,75.82869375348784,67.76482147000125,37295.0,37295.0
2022-10-13,73.5651506563688,72.48996768523726,76.25310808419765,71.9240819109575,30668.0,30668.0
2022-10-14,74.69692220492831,73.72076924429572,74.9798650920682,71.78261046738756,21097.0,21097.0
2022-10-17,73.5651506563688,75.10718939128115,75.47501514456299,71.4147847141057,22803.0,22803.0
2022-10-18,75.97016519705778,77.75270538603903,77.809293963467,73.5934449450828,29801.0,29801.0
2022-10-19,77.29999676661521,78.88447693459854,81.89781868263826,75.6872223099179,36706.0,36706.0
2022-10-20,77.780999674753,76.55019811569453,77.780999674753,74.38568502907445,25624.0,25624.0
2022-10-21,75.72966374298888,74.38568502907445,77.1019367456173,73.91882926529365,14998.0,14998.0
2022-10-24,73.66418066686775,72.75876342802013,75.75795803170286,71.86749333352951,23190.0,23190.0
2022-10-25,72.74461628366315,73.67832781122475,74.7535107823563,70.99037038339588,16272.0,16272.0
2022-10-26,73.69247495558174,74.72521649364231,77.00290673511834,72.44752625216627,22648.0,22648.0
2022-10-27,75.80039946477385,76.6209338374795,81.45925720757144,75.80039946477385,36833.0,36833.0
2022-10-28,76.6209338374795,72.71632199494915,76.94631815769036,72.54655626266523,19636.0,19636.0
2022-10-31,72.8577934385191,74.27250787421849,74.64033362750034,71.86749333352951,18248.0,18248.0
2022-11-01,74.30080216293248,77.97905969575092,79.97380705008707,73.39538492408487,27772.0,27772.0
2022-11-02,85.77413623645462,85.77413623645462,85.77413623645462,84.03403748054436,63206.0,63206.0
2022-11-03,85.59022335981369,85.74584194774063,90.23048670890773,84.18965606847128,65398.0,65398.0
2022-11-04,86.12781484537948,87.57082356979285,88.64600654092439,83.65206458290552,38005.0,38005.0
2022-11-07,87.28788068265298,90.30122243069269,92.94673842545058,85.70340051466964,35942.0,35942.0
2022-11-08,89.0987151603482,88.74503655142335,90.10316240969478,87.72644215771979,20493.0,20493.0
2022-11-09,88.56112367478244,87.74058930207678,89.02797943856324,84.882866141964,20558.0,20558.0
2022-11-10,87.06152637294107,86.3117277220204,88.16500363278661,84.35942180075521,18240.0,18240.0
2022-11-11,88.06597362228764,84.31698036768424,89.52312949105803,82.0534372705652,32367.0,32367.0
2022-11-14,82.7607944884149,83.18520881912471,85.73169480338363,82.59102875613097,17505.0,17505.0
2022-11-15,82.7607944884149,84.82627756453601,85.08092616296192,81.77049438342532,21056.0,21056.0
2022-11-16,84.81213042017903,85.19410331781786,85.85901910259658,83.32668026269465,12904.0,12904.0
2022-11-17,85.73169480338363,83.2417973965527,85.84487195823958,82.0534372705652,12560.0,12560.0
2022-11-18,83.34082740705165,87.79717787950476,89.0987151603482,82.520293034346,28455.0,28455.0
2022-11-21,87.0049377955131,87.81132502386176,90.37195815247767,85.88731339131057,21077.0,21077.0
2022-11-22,86.7219949083732,82.39296873513305,87.99523790050267,82.09587870363617,21572.0,21572.0
2022-11-23,82.33638015770508,81.41681577450046,82.80323592148588,80.10113134930002,13728.0,13728.0
2022-11-24,81.40266863014347,85.05263187424792,85.70340051466964,81.3460800527155,21725.0,21725.0
2022-11-25,84.21795035718527,80.92166572200568,84.75554184275104,80.58213425743781,13647.0,13647.0
2022-11-28,77.92247111832295,80.46895710258187,80.49725139129585,77.79514681911,10304.0,10304.0
2022-11-29,82.0534372705652,80.78019427843574,82.0534372705652,79.36547984273633,13061.0,13061.0
2022-11-30,80.78019427843574,79.53524557502026,80.97825429943366,78.62982833617265,12204.0,12204.0
2022-12-01,81.3460800527155,81.1197257430036,82.0534372705652,79.26644983223738,12671.0,12671.0
2022-12-02,80.63872283486579,81.48755149628543,82.7607944884149,80.03039562751505,9387.0,9387.0
2022-12-05,81.50169864064243,78.14882542803485,82.0251429818512,77.1019367456173,25420.0,25420.0
2022-12-06,77.24340818918724,78.7288583466716,78.94106551202651,77.24340818918724,13031.0,13031.0
2022-12-07,77.96491255139392,78.17711971674883,79.86062989523113,77.3141439109722,9454.0,9454.0
2022-12-08,77.809293963467,77.85173539653798,79.04009552252548,77.3141439109722,8533.0,8533.0
2022-12-09,77.52635107632712,77.25755533354423,78.94106551202651,76.91802386897638,10419.0,10419.0
2022-12-12,76.40872667212459,76.66337527055047,78.23370829417681,75.446720855849,9618.0,9618.0
2022-12-13,76.35213809469661,74.27250787421849,77.1019367456173,73.63588637815376,17040.0,17040.0
2022-12-14,75.61648658813293,72.50411482959424,75.61648658813293,71.72602188995958,13111.0,13111.0
2022-12-15,72.58899769573621,73.7773578217237,74.27250787421849,71.98067048838547,14249.0,14249.0
2022-12-16,73.18317775872995,70.87719322853994,73.97541784272163,70.08495314454827,15284.0,15284.0
2022-12-19,70.721574640613,69.5332145146255,71.40063756974871,69.23612448312863,11479.0,11479.0
2022-12-20,69.17953590570066,70.83475179546896,72.68802770623518,69.17953590570066,12878.0,12878.0
2022-12-21,70.09910028890526,69.61809738076747,71.24501898182177,69.15124161698667,9101.0,9101.0
2022-12-22,69.3210073492706,67.4111428610764,69.97177598969232,67.26967141750646,11232.0,11232.0
2022-12-23,66.77452136501168,66.4915784778718,67.60920288207431,64.66659685581958,15583.0,15583.0
2022-12-26,66.010575569734,69.97177598969232,70.2830131655462,65.74177982695112,11264.0,11264.0
2022-12-27,71.01866467210988,69.17953590570066,71.01866467210988,68.55706155399292,15504.0,15504.0
2022-12-28,68.84000444113279,67.34040713929144,69.3210073492706,66.81696279808266,20082.0,20082.0
2022-12-29,68.1609415119971,68.76926871934783,69.3068602049136,66.50572562222878,15557.0,15557.0
2022-12-30,68.88244587420378,68.00532292407016,69.87274597919337,67.34040713929144,10329.0,10329.0
2023-01-03,68.00532292407016,71.2025775487508,71.4289318584627,68.00532292407016,15617.0,15617.0
2023-01-04,71.2025775487508,69.85859883483637,72.00896477709945,69.19368305005764,11909.0,11909.0
2023-01-05,69.85859883483637,72.99926488208904,74.07444785322058,69.15124161698667,19597.0,19597.0
2023-01-06,72.99926488208904,72.30605480859633,74.62618648314334,71.59869759074662,14081.0,14081.0
2023-01-09,72.24946623116836,74.76765792671328,76.1682252180557,72.23531908681136,19382.0,19382.0
2023-01-10,74.83839364849825,74.9798650920682,76.1682252180557,73.28220776922892,12852.0,12852.0
2023-01-11,75.54575086634796,74.88083508156923,77.52635107632712,74.13103643064855,16970.0,16970.0
2023-01-12,74.9515708033542,75.85698804220182,77.35658534404318,74.41397931778843,12513.0,12513.0
2023-01-13,75.94187090834379,74.69692220492831,76.67752241490749,74.4988621839304,8932.0,8932.0
2023-01-16,75.72966374298888,73.74906353300972,75.95601805270078,73.42367921279886,20483.0,20483.0
2023-01-17,74.0178592757926,78.48835689260271,79.2240083991664,73.12658918130198,27666.0,27666.0
2023-01-18,77.83758825218099,76.6209338374795,78.31859116031877,76.12578378498472,18885.0,18885.0
2023-01-19,76.1540780736987,76.55019811569453,77.37073248840018,75.33354370099305,14069.0,14069.0
2023-01-20,77.79514681911,80.90751857764867,82.57688161177397,76.88972958026238,33135.0,33135.0
2023-01-30,81.72805295035434,79.66256987423321,83.87841889261742,78.34688544903277,31602.0,31602.0
2023-01-31,79.2240083991664,81.94026011570925,83.01544308684079,79.08253695559645,21439.0,21439.0
2023-02-01,82.0392901262082,83.39741598447964,84.31698036768424,81.16216717607458,23197.0,23197.0
2023-02-02,84.47259895561118,89.02797943856324,90.5417238847616,84.40186323382619,36309.0,36309.0
2023-02-03,88.64600654092439,91.40469969053822,92.25352835195785,87.25958639393899,30771.0,30771.0
2023-02-06,90.25878099762171,90.48513530733362,92.77697269316664,88.70259511835238,19449.0,19449.0
2023-02-07,90.96613821547142,99.53930769580978,99.53930769580978,90.49928245169062,15578.0,15578.0
2023-02-08,99.83639772730665,101.54820219450293,102.5667965882065,96.63914310262601,48453.0,48453.0
2023-02-09,100.02031060394758,98.59144902389117,100.51546065644236,94.92733863542972,42697.0,42697.0
2023-02-10,97.45967747533166,99.2705119530269,103.54294954883908,97.23332316561977,39059.0,39059.0
2023-02-13,98.28021184803731,98.71877332310413,102.14238225749668,96.69573168005398,31381.0,31381.0
2023-02-14,98.78950904488909,97.6294432076156,99.03001049895799,96.76646740183897,18997.0,18997.0
2023-02-15,97.38894175354669,101.29355359607703,106.061141244384,96.92208598976589,34678.0,34678.0
2023-02-16,103.31659523912718,96.4269359372711,103.4722138270541,95.30931153306858,29217.0,29217.0
2023-02-17,96.18643448320219,95.9176387404193,99.32710053045486,94.7858671918598,19634.0,19634.0
2023-02-20,95.76202015249238,95.4932244097095,96.39864164855712,94.07850997401009,19572.0,19572.0
2023-02-21,94.75757290314581,91.87155545431902,96.80890883490994,91.48958255668019,43131.0,43131.0
2023-02-22,91.2490811026113,93.30041703437543,95.28101724435457,90.68319532833152,21804.0,21804.0
2023-02-23,93.31456417873241,95.62054870892244,95.9176387404193,92.21108691888689,26839.0,26839.0
2023-02-24,94.7858671918598,94.304864283722,95.62054870892244,92.47988266166978,20681.0,20681.0
2023-02-27,94.29071713936501,92.98917985852157,94.7717200475028,91.99887975353198,18047.0,18047.0
2023-02-28,92.79111983752365,92.6637955383107,93.35700561180339,91.13590394775535,13196.0,13196.0
2023-03-01,92.62135410523972,92.6637955383107,93.04576843594953,90.40025244119165,18391.0,18391.0
2023-03-02,92.63550124959671,91.39055254618123,94.34730571679297,91.2490811026113,14917.0,14917.0
2023-03-03,91.40469969053822,89.48068805798704,92.46573551731278,89.1270094490622,17525.0,17525.0
2023-03-06,89.79192523384091,90.92369678240043,91.67349543332111,88.13670934407261,16663.0,16663.0
2023-03-07,93.49847705537334,88.49038795299747,93.80971423122722,88.3913579424985,19722.0,19722.0
2023-03-08,89.31092232570312,88.64600654092439,90.24463385326472,87.71229501336279,14492.0,14492.0
2023-03-09,88.6601536852814,89.1270094490622,91.2490811026113,88.64600654092439,11536.0,11536.0
2023-03-10,88.4196522312125,88.27818078764255,89.46654091363006,87.35861640443794,9781.0,9781.0
2023-03-13,88.27818078764255,90.57001817347557,90.71148961704553,87.03323208422708,18239.0,18239.0
2023-03-14,90.0465738322668,88.64600654092439,90.5275767404046,86.87761349630014,16294.0,16294.0
2023-03-15,89.28262803698912,91.5037297010372,96.90793884540889,88.53282938606844,27976.0,27976.0
2023-03-16,92.39499979552781,89.01383229420624,92.77697269316664,88.81577227320832,18182.0,18182.0
2023-03-17,90.5417238847616,93.05991558030652,93.86630280865518,89.87680809998288,28444.0,28444.0
2023-03-20,94.7858671918598,96.03081589527525,99.00171621024401,93.03162129159254,39725.0,39725.0
2023-03-21,96.04496303963226,99.59589627323776,102.14238225749668,94.10680426272408,28832.0,28832.0
2023-03-22,99.7373677168077,98.5490075908202,101.15208215250709,97.64359035197258,17323.0,17323.0
2023-03-23,98.5490075908202,99.62419056195175,100.4447249346574,97.60114891890159,19995.0,19995.0
2023-03-24,104.4059253546157,109.58378018927552,109.58378018927552,102.5667965882065,26227.0,26227.0
2023-03-27,110.99849462497491,113.48839203180586,119.68484126016922,109.07448299242373,101391.0,101391.0
2023-03-28,113.12056627852401,112.44150334938831,117.33641529690823,109.89501736512939,54542.0,54542.0
2023-03-29,111.32387894518578,112.88006482445513,116.53002806855957,111.19655464597282,29303.0,29303.0
2023-03-30,116.2329380370627,124.16948602133633,124.16948602133633,116.20464374834872,58824.0,58824.0
2023-03-31,121.12784998458262,111.74829327589559,124.09875029955136,111.74829327589559,62769.0,62769.0
2023-04-03,109.3574258795636,115.82267085070988,117.05347240976835,109.21595443599368,51284.0,51284.0
2023-04-04,116.00658372735079,112.32832619453237,118.83601259874959,110.98434748061793,42807.0,42807.0
2023-04-06,110.44675599505214,117.53447531790614,117.53447531790614,110.17796025226926,40620.0,40620.0
2023-04-07,116.51588092420258,113.31862629952192,119.11895548588947,111.76244042025259,27106.0,27106.0
2023-04-10,116.28952661449068,113.03568341238206,123.92898456726742,112.07367759610646,39390.0,39390.0
2023-04-11,113.04983055673904,110.81458174833399,114.50698642550942,110.40431456198118,26361.0,26361.0
2023-04-12,116.71394094520049,121.89179577986029,121.89179577986029,114.70504644650734,50305.0,50305.0
2023-04-13,122.69818300820896,112.14441331789142,123.7875131236975,111.3097318008288,48061.0,48061.0
2023-04-14,112.42735620503132,111.62096897668266,113.41765631002089,109.78184021027343,35338.0,35338.0
2023-04-17,108.9330115488538,106.3157898428099,109.17351300292269,103.27415380605619,29442.0,29442.0
2023-04-18,104.6888682417556,105.74990406853014,106.90996990580365,104.54739679818566,19394.0,19394.0
2023-04-19,103.86833386904995,109.62622162234649,113.54498060923385,102.84973947534638,36250.0,36250.0
2023-04-20,108.9330115488538,109.64036876670349,111.74829327589559,107.77294571158029,20219.0,20219.0
2023-04-21,107.80124000029427,104.46251393204369,111.0126417693319,104.20786533361779,23727.0,23727.0
2023-04-24,106.40067270895186,109.64036876670349,112.61126908167222,106.40067270895186,38951.0,38951.0
2023-04-25,109.64036876670349,104.05224674569087,110.19210739662626,101.8594393703568,32609.0,32609.0
2023-04-26,102.3121479897806,101.8594393703568,107.90027001079322,101.03890499765114,30173.0,30173.0
2023-04-27,102.7931508979184,99.34124767481187,106.8109398953047,98.18118183753836,41569.0,41569.0
2023-04-28,100.09104632573255,97.75676750682852,101.378436462219,97.19088173254877,41327.0,41327.0
2023-05-04,98.66218474567614,100.58619637822733,105.65087405803119,97.77091465118552,54583.0,54583.0
2023-05-05,100.6286378112983,101.6047907719309,106.046994100027,98.88853905538807,45920.0,45920.0
2023-05-08,102.22726512363865,102.42532514463656,105.53769690317523,99.07245193202898,44771.0,44771.0
2023-05-09,101.8594393703568,112.6678576591002,112.6678576591002,99.7373677168077,78162.0,78162.0
2023-05-10,114.59186929165139,120.250727034449,123.92898456726742,114.59186929165139,109480.0,109480.0
2023-05-11,86.72181125688054,87.5440090280754,89.84014670616831,83.8240654535231,74619.0,74619.0
2023-05-12,87.53398222598766,85.28797855833345,89.84014670616831,84.23516433912054,70509.0,70509.0
2023-05-15,87.83478628861991,83.05200169276698,91.17371138383801,80.53527436874373,84522.0,84522.0
2023-05-16,84.42567357878764,89.03800253914895,90.30137960220445,83.0319480885915,108371.0,108371.0
2023-05-17,87.24320496544314,87.63425024686508,92.24657920722639,84.07473550571666,104772.0,104772.0
2023-05-18,88.2358583721296,94.55274368740706,96.27735364649867,87.24320496544314,99622.0,99622.0
2023-05-19,95.48523628156707,94.64298490619673,102.45386373254776,91.71515869657607,134883.0,134883.0
2023-05-22,93.21917900973737,88.62690365355154,94.5126364790561,87.70443786147926,93738.0,93738.0
2023-05-23,87.23317816335539,86.65162364226636,90.52196924813477,85.07741571449085,84143.0,84143.0
2023-05-24,86.08009592326506,85.17768373536829,87.24320496544314,82.21977711948439,86085.0,86085.0
2023-05-25,85.13757652701732,85.52862180843925,87.7345182677425,83.2224573282586,58259.0,58259.0
2023-05-26,86.2304979545812,89.63961066441348,90.241218789678,83.89425306813732,71154.0,71154.0
2023-05-29,89.63961066441348,88.43639441388444,92.19644519678769,85.60883622514119,70250.0,70250.0
2023-05-30,87.03264212160055,89.03800253914895,91.2438989984522,85.7291578501941,57296.0,57296.0
2023-05-31,90.241218789678,94.25193962477479,96.23724643814772,89.23853858090379,95321.0,95321.0
2023-06-01,95.45515587530383,95.254619833549,98.58351812667934,91.58481026943542,100658.0,100658.0
2023-06-02,98.2626604598716,85.7291578501941,99.27536747073354,85.7291578501941,112717.0,112717.0
2023-06-05,84.2251375370328,86.3307659754586,87.50390181972442,82.92165326562633,79174.0,79174.0
2023-06-06,82.7211172238715,77.69768937791275,82.87151925518764,77.69768937791275,26527.0,26527.0
2023-06-07,74.36879108478242,76.00315982508435,80.41495274369083,71.20032162505595,125679.0,125679.0
2023-06-08,76.25382987727791,74.1983354492908,79.08138806602115,73.89753138665854,62850.0,62850.0
2023-06-09,73.37613767809596,71.96235858372432,74.62948793906371,70.14750740584302,76514.0,76514.0
2023-06-12,71.72171533361852,76.41425871068176,77.31667089857855,71.20032162505595,65780.0,65780.0
2023-06-13,76.28391028354113,74.83002398081854,76.28391028354113,74.27854986599273,34042.0,34042.0
2023-06-14,74.69967555367789,73.49645930314885,75.20101565806499,73.1956552405166,31144.0,31144.0
2023-06-15,72.99511919876176,74.48911270983533,76.28391028354113,72.48375229228692,49884.0,49884.0
2023-06-16,76.2036958668392,79.07136126393341,79.31200451403922,72.72439554239273,79636.0,79636.0
2023-06-19,77.20637607561339,80.0239074622689,80.22444350402374,76.72508957540178,52326.0,52326.0
2023-06-20,79.2117364931618,86.07006912117733,87.80470588235669,78.53994075328308,74725.0,74725.0
2023-06-21,87.23317816335539,82.29999153618633,87.7345182677425,82.21977711948439,50547.0,50547.0
2023-06-26,82.1696431090457,76.25382987727791,82.67098321343279,75.58203413739919,47438.0,47438.0
2023-06-27,76.09340104387404,80.7658908167618,81.81870503597472,74.2484694597295,51711.0,51711.0
2023-06-28,80.7658908167618,80.08406827479536,82.42031316123924,76.80530399210372,30415.0,30415.0
2023-06-29,80.63554238962116,86.13022993370377,87.01258851742507,79.51254055579405,56210.0,56210.0
2023-06-30,86.3307659754586,87.96513471576057,89.44910142474637,85.227817745807,53742.0,53742.0
2023-07-03,90.57210325857348,86.71178445479282,93.54003667654511,85.227817745807,62358.0,62358.0
2023-07-04,87.31339258005733,94.05140358301995,94.05140358301995,86.2304979545812,50073.0,50073.0
2023-07-05,91.82545351954123,87.10282973621476,92.01596275920832,86.7318380589683,35271.0,35271.0
2023-07-06,87.10282973621476,86.96245450698636,88.60685004937605,85.97982790238764,22473.0,22473.0
2023-07-07,86.83210607984572,83.2224573282586,86.90229369445991,82.01924107772955,28372.0,28372.0
2023-07-10,83.00186768232827,79.57270136832051,83.69371702638247,79.39221893074115,22784.0,22784.0
2023-07-11,79.57270136832051,80.37484553533986,80.92631965016567,77.40691211736824,28467.0,28467.0
2023-07-12,80.37484553533986,77.05597404429726,80.61548878544568,77.0158668359463,33824.0,33824.0
2023-07-13,77.10610805473598,78.7103963887747,80.21441670193599,76.89554521089339,29614.0,29614.0
2023-07-14,78.58004796163405,80.66562279588439,81.70841021300954,77.35677810692953,32607.0,32607.0
2023-07-17,80.20438989984825,79.61280857667148,80.51522076456826,78.47977994075663,12001.0,12001.0
2023-07-18,79.22176329524954,82.7211172238715,84.47580758922635,78.8307180138276,32956.0,32956.0
2023-07-19,81.53795457751794,82.69103681760826,83.26256453660957,80.39489913951536,16604.0,16604.0
2023-07-20,82.22980392157214,74.75983636620435,82.74117082804698,74.75983636620435,38252.0,38252.0
2023-07-21,74.1983354492908,75.58203413739919,75.68230215827661,72.10273381295272,19676.0,19676.0
2023-07-24,75.16090844971401,75.55195373113597,76.7050359712263,73.71704894907917,11654.0,11654.0
2023-07-25,75.86278459585597,76.90557201298114,77.83806460714113,75.60208774157468,12081.0,12081.0
2023-07-26,76.45436591903274,74.85007758499403,77.21640287770114,74.1983354492908,10587.0,10587.0
2023-07-27,74.85007758499403,72.6241275215153,75.66224855410113,72.19297503174239,17836.0,17836.0
2023-07-28,73.1956552405166,71.05994639582755,73.1956552405166,70.33801664551014,26103.0,26103.0
2023-07-31,70.9496515728624,71.57131330230239,72.1428410213037,70.78922273945851,14690.0,14690.0
2023-08-01,71.1902948229682,73.13549442799014,73.63683453237724,68.7838623219101,33091.0,33091.0
2023-08-02,72.29324305261981,72.5038058964624,73.5064861052366,71.6916349273553,16306.0,16306.0
2023-08-03,72.12278741712821,74.1983354492908,75.04058682466113,71.52117929186367,21068.0,21068.0
2023-08-04,74.1983354492908,74.2484694597295,75.38149809564436,73.72707575116692,16169.0,16169.0
2023-08-07,73.6969953449037,74.67962194950242,76.86546480463016,73.63683453237724,23127.0,23127.0
2023-08-08,74.88015799125726,73.27586965721854,75.80262378332951,72.39351107349724,13267.0,13267.0
2023-08-09,73.28589645930627,71.35072365637207,73.66691493864047,71.09002680209078,14430.0,14430.0
2023-08-10,71.35072365637207,69.34536323882367,72.15286782339142,69.20498800959528,23036.0,23036.0
2023-08-11,69.75646212442108,67.74107490478495,69.79656933277205,66.83866271688817,22105.0,22105.0
2023-08-14,66.45764423755398,67.54053886303011,67.86139652983786,65.52515164339395,21884.0,21884.0
2023-08-15,67.68091409225849,66.24708139371138,67.97169135280302,65.2243475807617,14681.0,14681.0
2023-08-16,66.22702778953591,63.379415996617176,66.45764423755398,63.168853152774595,23854.0,23854.0
2023-08-17,63.680220059249436,65.26445478911268,65.70563408097333,62.57727182959781,24034.0,24034.0
2023-08-18,65.06391874735783,63.6701932571617,65.78584849767526,63.6701932571617,15893.0,15893.0
2023-08-21,63.06858513189717,62.958290308932014,64.68290026802364,62.86804909014234,12112.0,12112.0
2023-08-22,63.399469600792656,69.25512202003398,69.25512202003398,63.399469600792656,57452.0,57452.0
2023-08-23,68.48305825927785,68.36273663422496,69.57597968684173,67.10938637325721,38535.0,38535.0
2023-08-24,68.96434475948948,69.82664973903529,72.19297503174239,68.39281704048817,37707.0,37707.0
2023-08-25,68.82396953026108,68.17222739455785,69.05458597827915,66.90885033150236,18221.0,18221.0
2023-08-28,71.68160812526754,68.79388912399786,71.68160812526754,67.07930596699399,24718.0,24718.0
2023-08-29,67.89147693610107,73.7972633657811,73.99779940753595,67.27984200874882,36524.0,36524.0
2023-08-30,73.1956552405166,74.9603724079592,76.08337424178629,72.53388630272563,36790.0,36790.0
2023-08-31,75.15088164762629,74.02787981379917,76.2036958668392,73.75715615743015,15657.0,15657.0
2023-09-01,73.6969953449037,71.88214416702239,73.96771900127273,70.95967837495013,28474.0,28474.0
2023-09-04,72.40353787558497,72.39351107349724,73.37613767809596,70.58868669770368,15278.0,15278.0
2023-09-05,72.41356467767272,72.54391310481336,73.7972633657811,71.2905628438456,13948.0,13948.0
2023-09-06,71.1902948229682,72.60407391733982,73.11544082381467,69.68627450980689,20380.0,20380.0
2023-09-07,72.52385950063788,69.71635491607012,72.52385950063788,69.39549724926238,13267.0,13267.0
2023-09-08,69.4255776555256,70.5485794893527,71.46101847933723,68.53319226971657,11517.0,11517.0
2023-09-11,72.19297503174239,74.29860347016822,74.95034560587145,70.6187671039669,28308.0,28308.0
2023-09-12,75.62214134575017,76.14353505431274,77.5172069403334,74.49913951192305,37233.0,37233.0
2023-09-13,73.85742417830757,72.69431513612949,74.77988997037983,70.77919593737077,32018.0,32018.0
2023-09-14,71.83201015658368,70.21769502045723,72.69431513612949,70.10740019749205,17542.0,17542.0
2023-09-15,70.38815065594883,68.98439836366495,71.16021441670497,68.1822541966456,21216.0,21216.0
2023-09-18,68.6835943010327,70.31796304133464,71.39083086472304,68.36273663422496,14116.0,14116.0
2023-09-19,70.2377486246327,68.76380871773463,70.2377486246327,68.08198617576818,9070.0,9070.0
2023-09-20,69.06461278036689,68.58332628015528,70.04723938496561,68.48305825927785,7882.0,7882.0
2023-09-21,68.26246861334754,67.52048525885463,68.94429115531399,67.08933276908172,7099.0,7099.0
2023-09-22,67.25978840457333,71.01983918747658,71.49109888560045,67.14949358160817,20307.0,20307.0
2023-09-25,70.41823106221207,70.6889547185811,72.01249259416304,70.28788263507141,14787.0,14787.0
2023-09-26,70.38815065594883,70.59871349979142,71.98241218789983,70.00713217661463,13344.0,13344.0
2023-09-27,70.1174269995798,71.92225137537336,73.32600366765723,70.1174269995798,17865.0,17865.0
2023-09-28,72.70434193821724,73.62680773028951,75.40155169981983,72.59404711525208,27272.0,27272.0
2023-10-09,73.13549442799014,72.68428833404175,73.84739737621983,72.21302863591788,10634.0,10634.0
2023-10-10,72.64418112569079,74.02787981379917,74.45903230357209,72.09270701086498,19020.0,19020.0
2023-10-11,74.67962194950242,75.76251657497855,79.01120045140695,72.9550119904108,30659.0,30659.0
2023-10-12,76.2036958668392,75.96305261673339,77.47709973198242,74.39887149104564,15761.0,15761.0
2023-10-13,75.61211454366241,75.53190012696048,76.69500916913854,74.69967555367789,11468.0,11468.0
2023-10-16,75.53190012696048,72.99511919876176,75.53190012696048,72.49377909437466,15124.0,15124.0
2023-10-17,72.99511919876176,70.21769502045723,73.48643250106112,70.17758781210625,17603.0,17603.0
2023-10-18,69.21501481168302,70.98975878121335,72.19297503174239,68.86407673861206,15619.0,15619.0
2023-10-19,70.9997855833011,69.29522922838495,71.77184934405723,69.2852024262972,8822.0,8822.0
2023-10-20,69.29522922838495,67.89147693610107,69.81662293694754,67.70096769643398,8268.0,8268.0
2023-10-23,68.58332628015528,66.0365185498688,68.96434475948948,65.47501763295526,10041.0,10041.0
2023-10-24,67.07930596699399,66.2771617999746,67.67088729017075,65.45496402877977,9299.0,9299.0
2023-10-25,66.83866271688817,67.36005642545076,68.51313866554108,66.36740301876429,11334.0,11334.0
2023-10-26,66.7785019043617,68.15217379038236,69.2852024262972,65.97635773734235,13923.0,13923.0
2023-10-27,68.10203977994367,66.94895753985332,68.1120665820314,63.45963041331911,25938.0,25938.0
2023-10-30,66.35737621667656,73.64686133446499,73.64686133446499,65.47501763295526,31556.0,31556.0
2023-10-31,73.66691493864047,73.17560163634111,75.26117647059145,72.8146367611824,27546.0,27546.0
2023-11-01,72.8146367611824,72.29324305261981,73.16557483425336,71.72171533361852,13541.0,13541.0
2023-11-02,72.46369868811142,71.41088446889852,73.48643250106112,71.40085766681077,11594.0,11594.0
2023-11-03,72.69431513612949,74.30863027225595,75.09072083509983,71.55125969812691,25365.0,25365.0
2023-11-06,74.30863027225595,78.3795119198792,80.29463111863792,74.0078262096237,36448.0,36448.0
2023-11-07,77.65758216956179,80.18433629567276,82.42031316123924,76.38417830441855,34514.0,34514.0
2023-11-08,80.46508675412954,79.91361263930374,81.7184370150973,78.67028918042372,25099.0,25099.0
2023-11-09,79.30197771195148,77.10610805473598,79.61280857667148,76.80530399210372,18866.0,18866.0
2023-11-10,76.64487515869985,77.59742135703533,82.17966991113342,74.59940753280048,53325.0,53325.0
2023-11-13,77.59742135703533,78.92095923261728,81.60814219213214,77.20637607561339,42981.0,42981.0
2023-11-14,79.71307659754889,78.21908308647534,79.94369304556696,77.78793059670242,20708.0,20708.0
2023-11-15,78.79061080547663,80.1442290873218,82.18969671322117,77.80798420087791,31481.0,31481.0
2023-11-16,79.67296938919792,77.70771618000049,80.06401467061985,77.34675130484179,19541.0,19541.0
2023-11-17,77.45704612780695,78.78058400338888,78.97109324305599,77.02589363803403,12667.0,12667.0
2023-11-20,79.43232613909211,81.48782056707923,81.51790097334245,78.30932430526501,26558.0,26558.0
2023-11-21,81.20707010862245,81.93902666102761,83.18235011990762,79.81334461842631,26083.0,26083.0
2023-11-22,81.64824940048311,76.2036958668392,81.64824940048311,76.00315982508435,32164.0,32164.0
2023-11-23,76.76519678375276,77.40691211736824,78.15892227394889,75.03056002257338,17568.0,17568.0
2023-11-24,77.19634927352566,75.50181972069726,77.52723374242113,75.10074763718758,10072.0,10072.0
2023-11-27,74.44900550148435,75.33136408520564,76.2036958668392,74.28857666808048,14772.0,14772.0
2023-11-28,74.90021159543274,78.52991395119533,81.03661447313084,74.90021159543274,50422.0,50422.0
2023-11-29,77.5873945549476,80.91629284807794,82.17966991113342,77.20637607561339,40199.0,40199.0
2023-11-30,80.21441670193599,79.67296938919792,80.68567640005986,78.49983354493212,19574.0,19574.0
2023-12-01,79.47243334744309,79.58272817040826,80.50519396248052,78.40959232614244,17472.0,17472.0
2023-12-04,79.55264776414502,80.11414868105858,80.29463111863792,77.61747496121082,16834.0,16834.0
2023-12-05,79.71307659754889,76.97575962759532,80.69570320214761,76.96573282550759,14755.0,14755.0
2023-12-06,76.2036958668392,77.60744815912308,79.71307659754889,75.81265058541726,13157.0,13157.0
2023-12-07,77.11613485682372,79.71307659754889,82.11950909860698,76.73511637748952,20050.0,20050.0
2023-12-08,80.13420228523407,82.35012554662504,84.72647764141989,79.63286218084696,32032.0,32032.0
2023-12-11,81.3173649315876,83.37285935957473,85.50856820426377,80.16428269149729,33846.0,33846.0
2023-12-12,83.88422626604957,83.42299337001344,84.21511073494504,81.24717731697342,18262.0,18262.0
2023-12-13,83.42299337001344,83.51323458880312,85.40830018338636,82.5306079842044,24028.0,24028.0
2023-12-14,83.52326139089085,81.8387586401502,84.40561997461216,81.7184370150973,14074.0,14074.0
2023-12-15,82.13956270278246,81.56803498378116,83.02192128650375,80.08406827479536,11349.0,11349.0
2023-12-18,81.01656086895535,80.0740414727076,81.90894625476439,79.71307659754889,10614.0,10614.0
2023-12-19,80.21441670193599,82.61082240090633,82.89157285936311,78.91093243052954,16227.0,16227.0
2023-12-20,83.21243052617085,82.68101001552053,86.20041754831797,82.21977711948439,26135.0,26135.0
2023-12-21,82.19972351530892,82.7211172238715,83.61350260968054,79.2117364931618,23056.0,23056.0
2023-12-22,83.18235011990762,82.97178727606504,85.67902383975539,82.22980392157214,24426.0,24426.0
2023-12-25,83.2224573282586,89.23853858090379,91.27397940471542,83.2224573282586,36127.0,36127.0
2023-12-26,88.2358583721296,88.43639441388444,90.25124559176574,86.79199887149476,25497.0,25497.0
2023-12-27,88.41634080970896,91.94577514459414,93.95113556214254,87.93505430949733,41284.0,41284.0
2023-12-28,91.67505148822511,89.56942304979928,91.68507829031284,87.31339258005733,30279.0,30279.0
2023-12-29,89.63961066441348,94.24191282268704,98.24260685569611,88.52663563267411,49950.0,49950.0
2024-01-02,94.42239526026641,91.8655607278922,95.80609394837481,90.66234447736316,38140.0,38140.0
2024-01-03,91.85553392580445,82.68101001552053,92.23655240513865,82.68101001552053,47759.0,47759.0
2024-01-04,79.91361263930374,82.74117082804698,84.72647764141989,79.36213852447793,33418.0,33418.0
2024-01-05,82.2699111299231,81.09677528565729,85.1576301311928,80.41495274369083,24117.0,24117.0
2024-01-08,81.09677528565729,78.2090562843876,82.97178727606504,78.19902948229985,21593.0,21593.0
2024-01-09,78.38953872196696,79.9537198476547,82.78127803639795,78.29929750317727,26155.0,26155.0
2024-01-10,79.03125405558244,77.30664409649081,79.8333982226018,75.83270418959273,23451.0,23451.0
2024-01-11,77.08605445056048,80.21441670193599,81.46776696290375,77.08605445056048,25751.0,25751.0
2024-01-12,79.71307659754889,79.24181689942502,80.69570320214761,78.76053039921341,15863.0,15863.0
2024-01-15,78.88085202426632,80.61548878544568,82.42031316123924,78.0686810551592,21979.0,21979.0
2024-01-16,80.61548878544568,78.98112004514373,80.79597122302503,77.37683171110501,19828.0,19828.0
2024-01-17,78.98112004514373,72.16289462547917,78.98112004514373,71.52117929186367,43024.0,43024.0
2024-01-18,72.18294822965466,74.69967555367789,74.75983636620435,68.33265622796173,43850.0,43850.0
2024-01-19,74.7498095641166,72.07265340668948,74.7498095641166,71.98241218789983,18076.0,18076.0
2024-01-22,73.3861644801837,68.16220059247011,74.27854986599273,67.47035124841592,22637.0,22637.0
2024-01-23,67.1795739878714,67.05925236281848,68.88413034278754,66.4877246438172,26869.0,26869.0
2024-01-24,67.68091409225849,64.90348991395396,67.68091409225849,62.657486246299754,38169.0,38169.0
2024-01-25,65.32461560163914,65.77582169558751,66.83866271688817,62.96831711101975,33239.0,33239.0
2024-01-26,65.17421357032299,61.46429679785845,65.76579489349977,61.25373395401588,38868.0,38868.0
2024-01-29,62.0458513189475,58.2757737339565,62.27646776696556,57.84462124418359,39372.0,39372.0
2024-01-30,57.503709973200365,57.6541120045165,60.89276907885716,57.42349555649843,27428.0,27428.0
2024-01-31,57.6541120045165,53.36264071096292,58.00505007758747,53.1420510650326,38248.0,38248.0
2024-02-01,52.83122020031259,53.904088023700986,55.18751869093197,52.21958527296033,31655.0,31655.0
2024-02-02,54.1447312738068,52.66076456482099,56.73164621244423,50.69551135562355,37526.0,37526.0
2024-02-05,52.14939765834614,49.46221469883128,53.86398081535002,47.6273099167745,42609.0,42609.0
2024-02-06,49.11127662576031,52.99164903371647,54.33524051347389,47.01567498942224,43107.0,43107.0
2024-02-07,53.00167583580421,54.91679503456293,57.30317393144553,52.24966567922356,46352.0,46352.0
2024-02-08,54.91679503456293,60.311214557768125,60.4014557765578,54.59593736775519,40433.0,40433.0
2024-02-19,59.28848074481844,58.085264494289405,59.28848074481844,54.325213711386155,72955.0,72955.0
2024-02-20,56.250359712232616,55.738992805757775,56.68151220200552,54.485642544790025,58389.0,58389.0
2024-02-21,55.147411482581,58.13539850472811,59.63941881788941,54.68617858654486,76217.0,76217.0
2024-02-22,57.433522358586174,57.56387078572681,58.6567922132907,55.50837635773971,67112.0,67112.0
2024-02-23,57.44354916067391,63.31925518409073,63.31925518409073,57.33325433770875,82917.0,82917.0
2024-02-26,64.26177458033848,67.06927916490623,69.64616730145592,62.27646776696556,107722.0,107722.0
2024-02-27,65.71566088306108,67.68091409225849,67.70096769643398,63.6701932571617,77011.0,77011.0
2024-02-28,67.1795739878714,61.25373395401588,67.78118211313591,61.1634927352262,73700.0,73700.0
2024-02-29,59.66949922415264,63.29920157991525,63.469657215406855,59.38874876569586,49130.0,49130.0
2024-03-01,63.29920157991525,64.16150655946106,64.57260544505849,62.82794188179137,38847.0,38847.0
2024-03-04,64.16150655946106,68.01179856115398,68.38279023840045,61.1634927352262,80656.0,80656.0
2024-03-05,67.03919875864301,65.90617012272817,67.89147693610107,64.63276625758492,55530.0,55530.0
2024-03-06,64.78316828890105,72.49377909437466,72.49377909437466,63.43957680914363,84679.0,84679.0
2024-03-07,69.68627450980689,70.0672929891411,72.07265340668948,68.19228099873334,97210.0,97210.0
2024-03-08,68.79388912399786,69.02450557201593,69.59603329101722,67.1795739878714,50314.0,50314.0
2024-03-11,68.39281704048817,71.13013401044174,72.79458315700691,68.06193257159269,66938.0,66938.0
2024-03-12,72.49377909437466,71.25045563549465,73.09538721963918,69.71635491607012,63767.0,63767.0
2024-03-13,71.1902948229682,69.89683735364947,71.1902948229682,69.1849344054198,41658.0,41658.0
2024-03-14,69.90686415573722,68.65351389476947,71.03989279165206,68.1822541966456,37314.0,37314.0
2024-03-15,68.1822541966456,70.81930314572173,71.06997319791529,67.37008322753849,47292.0,47292.0
2024-03-18,70.85941035407271,72.27318944844433,72.49377909437466,70.25780222880819,48673.0,48673.0
2024-03-19,72.04257300042626,70.88949076033595,74.62948793906371,70.77919593737077,56808.0,56808.0
2024-03-20,70.8794639582482,70.28788263507141,70.9997855833011,68.86407673861206,42237.0,42237.0
2024-03-21,70.28788263507141,69.24509521794624,70.55860629144046,68.8540499365243,27239.0,27239.0
2024-03-22,68.7838623219101,67.91153054027657,69.60606009310496,67.1795739878714,34034.0,34034.0
2024-03-25,66.93893073776559,64.49239102835654,68.34268303004947,64.37206940330364,38266.0,38266.0
2024-03-26,64.37206940330364,62.6675130483875,64.94359712230492,62.06590492312297,39282.0,39282.0
2024-03-27,62.64745944421201,59.1581323176778,62.85802228805459,59.1581323176778,40743.0,40743.0
2024-03-28,58.95759627592295,60.822581464242965,62.0458513189475,58.95759627592295,36171.0,36171.0
2024-03-29,61.1634927352262,61.915502891806845,62.29652137114105,60.22097333897845,26064.0,26064.0
2024-04-01,63.64011285089847,62.547191423334596,63.83062209056556,61.95561010015781,32904.0,32904.0
2024-04-02,62.266440964877816,61.25373395401588,62.547191423334596,60.76242065171652,22877.0,22877.0
2024-04-03,61.434216391595236,61.89544928763136,62.37673578784298,59.87003526590748,29492.0,29492.0
2024-04-08,61.915502891806845,60.51175059952297,62.74772746508943,60.48167019325974,22708.0,22708.0
2024-04-09,60.160812526452,60.451589786996514,61.22365354775265,59.5892848074507,20258.0,20258.0
2024-04-10,60.170839328539735,57.573897587814564,60.35132176611909,57.21293271265585,32137.0,32137.0
2024-04-11,56.81186062914617,56.641404993654554,58.35598815065844,56.601297785303586,22339.0,22339.0
2024-04-12,56.56119057695262,56.17014529553068,57.55384398363908,55.929502045424876,21764.0,21764.0
2024-04-15,56.19019889970616,55.0270898575281,56.71159260826875,53.96424883622744,24083.0,24083.0
2024-04-16,55.0270898575281,51.978942022854525,55.09727747214229,50.93615460572936,30846.0,30846.0
2024-04-17,52.630684158557756,54.17481168007002,54.54580335731647,52.630684158557756,26090.0,26090.0
2024-04-18,54.17481168007002,59.5892848074507,59.5892848074507,53.17213147129583,39614.0,39614.0
2024-04-19,61.945583298070076,60.311214557768125,63.14879954859911,58.87738185922102,86967.0,86967.0
2024-04-22,58.265746931868755,56.56119057695262,59.35866835943264,56.200225701793904,53947.0,53947.0
2024-04-23,56.09995768091649,57.503709973200365,58.646765411202956,55.949555649600356,37873.0,37873.0
2024-04-24,57.47362956693714,57.293147129357784,57.47362956693714,56.35062773311004,32496.0,32496.0
2024-04-25,56.601297785303586,56.63137819156681,57.26306672309456,56.37068133728552,20680.0,20680.0
2024-04-26,59.45893638031006,62.29652137114105,62.29652137114105,59.21829313020425,51972.0,51972.0
2024-04-29,65.05389194527008,63.7203272676004,65.05389194527008,62.306548173228784,80687.0,80687.0
2024-04-30,63.6701932571617,62.13609253773717,64.15147975737331,61.985690506421044,41273.0,41273.0
2024-05-06,63.2891747778275,64.89346311186623,65.15415996614752,63.06858513189717,55271.0,55271.0
2024-05-07,64.73303427846236,63.930890111442984,64.77314148681332,63.6701932571617,33300.0,33300.0
2024-05-08,63.800541684302345,64.37206940330364,65.33464240372686,62.91818310058105,38104.0,38104.0
2024-05-09,66.23705459162365,67.88145013401333,69.93694456200045,66.23705459162365,96675.0,96675.0
2024-05-10,67.14949358160817,67.47035124841592,69.38547044717464,65.2243475807617,55179.0,55179.0
2024-05-13,65.6755536747101,64.47233742418105,66.44761743546623,64.0512117364959,40949.0,40949.0
2024-05-14,66.7985555085372,66.18692058118495,68.48305825927785,66.18692058118495,50089.0,50089.0
2024-05-15,65.78584849767526,64.1715333615488,66.417537029203,63.99105092396944,33494.0,33494.0
2024-05-16,64.0512117364959,65.69560727888557,66.7785019043617,63.6701932571617,42113.0,42113.0
2024-05-17,65.49507123713073,66.68826068557205,67.32997601918753,64.55255184088298,43788.0,43788.0
2024-05-20,68.19228099873334,71.17024121879271,71.78187614614498,68.16220059247011,89261.0,89261.0
2024-05-21,49.91,50.54,51.21,49.09,69618.0,69618.0
2024-05-22,50.35,51.22,53.88,50.23,88577.0,88577.0
2024-05-23,51.0,50.06,51.88,50.0,61064.0,61064.0
2024-05-24,49.86,48.46,50.24,48.27,61936.0,61936.0
2024-05-27,48.0,47.61,48.2,46.24,49622.0,49622.0
2024-05-28,47.05,46.99,48.15,46.71,33622.0,33622.0
2024-05-29,46.5,46.74,47.28,45.98,37444.0,37444.0
2024-05-30,47.99,51.41,51.41,47.99,88820.0,88820.0
2024-05-31,51.4,52.07,53.53,51.09,126122.0,126122.0
2024-06-03,51.7,52.92,53.85,51.3,102381.0,102381.0
2024-06-04,52.99,53.45,54.87,52.5,82316.0,82316.0
2024-06-05,53.09,52.57,54.5,52.56,50107.0,50107.0
2024-06-06,52.57,51.52,53.2,51.2,44208.0,44208.0
2024-06-07,52.18,50.57,52.46,49.9,45669.0,45669.0
2024-06-11,50.58,53.29,53.67,49.72,69714.0,69714.0
2024-06-12,53.82,53.07,55.12,52.98,68231.0,68231.0
2024-06-13,53.0,54.41,55.38,52.7,68726.0,68726.0
2024-06-14,52.0,52.37,52.85,51.1,61831.0,61831.0
2024-06-17,51.7,52.77,53.44,51.7,43450.0,43450.0
2024-06-18,52.77,52.1,53.35,51.57,48310.0,48310.0
2024-06-19,52.0,50.86,52.08,50.8,34911.0,34911.0
2024-06-20,50.85,48.83,50.97,48.83,51685.0,51685.0
2024-06-21,48.84,49.28,49.77,48.5,28647.0,28647.0
2024-06-24,49.2,46.82,49.2,46.62,38922.0,38922.0
2024-06-25,47.35,44.91,47.5,44.5,44291.0,44291.0
2024-06-26,44.81,46.07,46.16,44.26,34776.0,34776.0
2024-06-27,45.96,44.79,46.6,44.63,35669.0,35669.0
2024-06-28,45.1,46.15,47.15,44.65,45297.0,45297.0
2024-07-01,46.39,46.09,46.8,44.95,36808.0,36808.0
2024-07-02,46.17,45.16,46.63,44.93,28066.0,28066.0
2024-07-03,45.5,43.96,45.5,43.8,33014.0,33014.0
2024-07-04,44.37,43.94,45.23,43.68,33227.0,33227.0
2024-07-05,43.38,43.56,43.8,42.63,36067.0,36067.0
2024-07-08,43.38,42.58,43.91,42.51,24973.0,24973.0
2024-07-09,42.57,44.82,45.09,42.3,42018.0,42018.0
2024-07-10,44.92,44.78,45.3,44.51,28078.0,28078.0
2024-07-11,45.55,45.42,45.7,44.61,42311.0,42311.0
2024-07-12,45.09,44.5,45.09,44.03,37024.0,37024.0
2024-07-15,43.6,43.82,44.43,43.13,25517.0,25517.0
2024-07-16,43.54,44.62,44.8,43.2,29042.0,29042.0
2024-07-17,44.37,42.9,44.6,42.82,30588.0,30588.0
2024-07-18,42.45,41.96,42.6,41.4,36641.0,36641.0
2024-07-19,41.89,42.01,42.98,41.66,24409.0,24409.0
2024-07-22,42.01,41.99,42.23,41.4,21565.0,21565.0
2024-07-23,42.81,40.69,43.14,40.62,33969.0,33969.0
2024-07-24,40.28,39.93,40.9,39.82,25093.0,25093.0
2024-07-25,39.9,40.11,40.83,39.21,25744.0,25744.0
2024-07-26,39.97,40.65,41.12,39.74,28070.0,28070.0
2024-07-29,40.65,40.52,40.94,40.05,15856.0,15856.0
2024-07-30,40.02,40.7,42.2,39.68,35182.0,35182.0
2024-07-31,40.7,44.77,44.77,40.12,74766.0,74766.0
2024-08-01,44.75,43.86,45.3,43.49,63534.0,63534.0
2024-08-02,43.41,42.57,44.25,42.22,52336.0,52336.0
2024-08-05,42.49,41.88,44.33,41.86,49704.0,49704.0
2024-08-06,42.61,42.35,42.98,41.6,32623.0,32623.0
2024-08-07,42.11,42.31,42.8,41.95,29524.0,29524.0
2024-08-08,42.04,41.37,42.3,40.5,36186.0,36186.0
2024-08-09,41.93,41.0,41.95,41.0,18466.0,18466.0
2024-08-12,40.78,39.89,41.09,39.69,24588.0,24588.0
2024-08-13,39.68,40.86,41.19,39.68,24334.0,24334.0
2024-08-14,40.86,40.67,41.5,40.05,27801.0,27801.0
2024-08-15,40.67,41.55,42.35,40.42,46415.0,46415.0
2024-08-16,41.76,42.07,43.18,41.76,50046.0,50046.0
2024-08-19,41.5,42.53,43.38,41.5,42411.0,42411.0
2024-08-20,42.3,41.15,42.3,40.99,34663.0,34663.0
2024-08-21,41.19,40.83,41.96,40.5,30308.0,30308.0
2024-08-22,40.82,39.64,40.82,39.49,28098.0,28098.0
2024-08-23,39.6,39.18,39.82,38.95,27425.0,27425.0
2024-08-26,38.6,38.35,39.38,38.02,26628.0,26628.0
2024-08-27,38.12,37.6,38.15,37.2,22216.0,22216.0
2024-08-28,37.81,36.94,37.9,35.9,46306.0,46306.0
2024-08-29,36.43,37.45,37.98,36.32,32697.0,32697.0
2024-08-30,37.41,38.36,39.09,37.21,40664.0,40664.0
2024-09-02,38.33,36.45,38.58,36.35,37913.0,37913.0
2024-09-03,36.45,37.02,37.5,36.44,27904.0,27904.0
2024-09-04,36.77,35.93,36.77,35.86,37733.0,37733.0
2024-09-05,36.04,36.3,36.43,35.81,24131.0,24131.0
2024-09-06,36.3,35.71,36.58,35.68,20852.0,20852.0
2024-09-09,35.53,35.55,36.08,35.3,16784.0,16784.0
2024-09-10,35.64,35.92,36.16,34.89,22066.0,22066.0
2024-09-11,35.93,36.28,36.76,35.52,25262.0,25262.0
2024-09-12,36.28,35.35,36.55,35.3,23011.0,23011.0
2024-09-13,35.25,34.71,35.55,34.71,17262.0,17262.0
2024-09-18,34.6,35.27,35.63,34.21,23034.0,23034.0
2024-09-19,35.42,35.48,36.24,34.72,29235.0,29235.0
2024-09-20,35.66,34.81,35.75,34.53,23293.0,23293.0
2024-09-23,34.69,34.61,35.28,34.43,15142.0,15142.0
2024-09-24,34.8,36.17,36.17,34.27,45209.0,45209.0
2024-09-25,36.6,36.12,37.62,36.11,44923.0,44923.0
2024-09-26,36.08,39.12,39.24,36.01,79109.0,79109.0
2024-09-27,39.75,41.71,42.77,39.4,82600.0,82600.0
2024-09-30,42.88,44.92,45.17,42.0,110177.0,110177.0
2024-10-08,49.41,48.21,49.41,43.87,125115.0,125115.0
2024-10-09,47.0,49.21,52.33,45.0,159299.0,159299.0
2024-10-10,49.55,46.3,49.8,46.18,96087.0,96087.0
2024-10-11,45.38,42.75,45.9,42.1,96169.0,96169.0
2024-10-14,42.75,46.77,47.03,41.25,144779.0,144779.0
2024-10-15,45.83,44.41,46.48,44.41,77503.0,77503.0
2024-10-16,43.01,43.96,44.99,43.01,35924.0,35924.0
2024-10-17,44.0,44.47,46.0,44.0,62824.0,62824.0
2024-10-18,44.37,47.09,48.22,44.18,106220.0,106220.0
2024-10-21,47.32,46.93,48.76,46.41,75715.0,75715.0
2024-10-22,46.72,48.15,49.83,46.4,97070.0,97070.0
2024-10-23,47.8,46.5,47.95,46.2,69257.0,69257.0
2024-10-24,46.49,46.1,46.76,45.58,36073.0,36073.0
2024-10-25,46.8,46.2,46.9,45.8,38963.0,38963.0
2024-10-28,46.21,46.22,46.66,45.46,34187.0,34187.0
2024-10-29,47.1,47.38,49.29,46.7,95219.0,95219.0
2024-10-30,46.8,46.89,48.38,46.19,42782.0,42782.0
2024-10-31,46.8,46.34,46.8,45.77,47188.0,47188.0
2024-11-01,46.04,44.41,46.25,44.2,43857.0,43857.0
2024-11-04,45.7,48.02,48.83,45.7,102474.0,102474.0
2024-11-05,47.72,52.82,52.82,47.03,104157.0,104157.0
2024-11-06,58.06,55.61,58.1,55.06,219802.0,219802.0
2024-11-07,58.06,54.98,58.29,53.17,154799.0,154799.0
2024-11-08,54.8,56.28,59.38,54.6,108141.0,108141.0
2024-11-11,55.2,61.91,61.91,55.2,147560.0,147560.0
2024-11-12,61.8,59.48,61.95,58.78,101170.0,101170.0
2024-11-13,60.25,65.43,65.43,59.46,112648.0,112648.0
2024-11-14,66.97,64.57,71.0,64.46,176169.0,176169.0
2024-11-15,65.2,61.82,69.5,59.55,218719.0,218719.0
2024-11-18,61.8,57.95,65.67,57.5,169994.0,169994.0
2024-11-19,56.96,63.75,63.75,56.93,182181.0,182181.0
2024-11-20,64.0,70.13,70.13,63.5,208737.0,208737.0
2024-11-21,70.13,66.3,70.18,65.21,172782.0,172782.0
2024-11-22,66.0,70.85,72.93,65.32,212199.0,212199.0
2024-11-25,71.89,74.83,76.32,68.08,204968.0,204968.0
2024-11-26,71.0,67.35,72.01,67.35,133847.0,133847.0
2024-11-27,65.66,68.18,68.88,65.42,114051.0,114051.0
2024-11-28,67.0,67.36,70.0,66.52,93319.0,93319.0
2024-11-29,69.01,74.1,74.1,69.01,145430.0,145430.0
2024-12-02,77.01,79.62,81.51,77.0,222186.0,222186.0
2024-12-03,79.68,78.34,81.99,77.77,178302.0,178302.0
2024-12-04,77.0,80.0,84.53,77.0,179578.0,179578.0
2024-12-05,79.5,83.88,86.88,79.25,181816.0,181816.0
2024-12-06,81.44,80.88,88.88,77.6,183678.0,183678.0
2024-12-09,78.0,81.39,84.8,77.5,157709.0,157709.0
2024-12-10,82.2,87.88,89.47,81.45,215271.0,215271.0
2024-12-11,85.0,84.21,86.3,81.8,140206.0,140206.0
2024-12-12,82.1,82.11,85.12,81.59,105448.0,105448.0
2024-12-13,80.85,77.96,82.3,77.58,119763.0,119763.0
2024-12-16,76.49,77.57,79.28,76.49,96817.0,96817.0
2024-12-17,77.36,73.01,77.84,72.55,113767.0,113767.0
2024-12-18,73.43,72.99,73.74,71.75,74802.0,74802.0
2024-12-19,72.01,72.76,73.58,71.31,82140.0,82140.0
2024-12-20,72.01,74.59,76.57,71.9,126648.0,126648.0
2024-12-23,74.2,71.58,74.2,71.04,86098.0,86098.0
2024-12-24,73.9,74.42,75.99,72.81,106634.0,106634.0
2024-12-25,74.43,72.6,75.29,72.07,70004.0,70004.0
2024-12-26,72.5,77.48,77.57,71.99,126475.0,126475.0
2024-12-27,77.22,75.48,79.0,74.55,83722.0,83722.0
2024-12-30,75.49,76.88,78.0,73.73,78767.0,78767.0
2024-12-31,76.62,73.91,77.18,73.78,63911.0,63911.0
2025-01-02,73.89,74.98,76.97,71.96,95189.0,95189.0
2025-01-03,75.0,70.05,75.06,69.8,90686.0,90686.0
2025-01-06,69.15,68.58,70.19,67.7,62632.0,62632.0
2025-01-07,68.79,71.2,71.2,68.5,71842.0,71842.0
2025-01-08,71.04,78.32,78.32,70.18,164862.0,164862.0
2025-01-09,78.43,86.15,86.15,77.92,252140.0,252140.0
2025-01-10,87.5,92.0,94.77,86.67,264621.0,264621.0
2025-01-13,90.5,85.99,92.0,83.2,225137.0,225137.0
2025-01-14,84.56,93.53,93.53,84.1,220259.0,220259.0
2025-01-15,89.99,97.92,99.47,89.15,196477.0,196477.0
2025-01-16,97.0,96.11,102.3,94.3,174870.0,174870.0
2025-01-17,95.15,94.5,96.41,92.3,134113.0,134113.0
2025-01-20,95.0,95.42,96.37,93.34,107260.0,107260.0
2025-01-21,95.51,104.96,104.96,94.15,182097.0,182097.0
2025-01-22,104.0,100.72,104.76,99.43,125056.0,125056.0
2025-01-23,100.8,97.62,103.5,96.97,123332.0,123332.0
2025-01-24,95.8,100.87,101.49,94.9,128282.0,128282.0
2025-01-27,100.8,93.25,100.86,92.91,125219.0,125219.0
2025-02-05,96.16,100.98,102.58,96.16,177119.0,177119.0
2025-02-06,99.99,111.08,111.08,99.88,161071.0,161071.0
2025-02-07,110.0,111.73,115.13,108.0,175615.0,175615.0
2025-02-10,109.22,113.82,116.13,107.33,135460.0,135460.0
2025-02-11,111.46,118.29,122.68,111.0,151032.0,151032.0
2025-02-12,116.86,129.98,130.12,115.5,161910.0,161910.0
2025-02-13,126.08,116.98,127.42,116.98,188240.0,188240.0
2025-02-14,113.0,113.2,116.98,112.0,124896.0,124896.0
2025-02-17,112.0,120.32,121.42,112.0,140697.0,140697.0
2025-02-18,118.04,116.6,122.57,115.16,112464.0,112464.0
2025-02-19,115.0,126.06,127.0,114.8,143753.0,143753.0
2025-02-20,125.58,131.46,137.0,122.0,148843.0,148843.0
2025-02-21,128.0,132.6,135.25,127.6,107252.0,107252.0
2025-02-24,130.09,130.74,138.18,123.0,95998.0,95998.0
2025-02-25,126.0,143.58,143.81,126.0,155714.0,155714.0
2025-02-26,141.71,157.94,157.94,141.33,161169.0,161169.0
2025-02-27,156.98,157.0,163.99,150.01,161518.0,161518.0
2025-02-28,155.0,141.3,155.39,141.3,122731.0,122731.0
2025-03-03,140.0,134.45,141.22,132.92,141214.0,141214.0
2025-03-04,135.99,147.8,147.9,135.93,162130.0,162130.0
2025-03-05,146.03,162.58,162.58,144.31,168036.0,168036.0
2025-03-06,162.3,160.2,168.77,158.1,173808.0,173808.0
2025-03-07,160.25,158.8,165.0,156.26,112357.0,112357.0
2025-03-10,160.0,161.17,164.95,155.3,123246.0,123246.0
2025-03-11,157.0,157.1,162.29,150.0,139084.0,139084.0
2025-03-12,156.21,156.16,158.29,154.5,77873.0,77873.0
2025-03-13,154.31,144.63,155.15,142.88,123803.0,123803.0
2025-03-14,147.5,147.66,150.27,143.1,110717.0,110717.0
2025-03-17,146.0,149.65,152.02,143.15,96989.0,96989.0
2025-03-18,148.83,145.95,150.61,144.01,92534.0,92534.0
2025-03-19,144.55,142.91,146.93,142.2,76878.0,76878.0
2025-03-20,142.6,144.61,149.7,140.74,113485.0,113485.0
2025-03-21,141.87,135.25,142.74,133.06,121718.0,121718.0
2025-03-24,135.25,134.59,137.1,130.39,86659.0,86659.0
2025-03-25,135.0,131.14,137.98,130.89,66495.0,66495.0
2025-03-26,130.7,132.55,137.23,130.54,79294.0,79294.0
2025-03-27,132.66,130.79,134.7,130.6,56140.0,56140.0
2025-03-28,129.51,130.73,133.17,127.9,67531.0,67531.0
2025-03-31,127.0,127.83,129.0,121.83,83632.0,83632.0
2025-04-01,128.88,126.55,129.76,124.32,64915.0,64915.0
2025-04-02,125.88,126.7,129.28,125.28,54583.0,54583.0
2025-04-03,124.7,122.2,127.5,121.72,49863.0,49863.0
2025-04-07,109.98,109.98,109.98,109.98,6849.0,6849.0
2025-04-08,98.98,98.98,103.5,98.98,47746.0,47746.0
2025-04-09,93.49,99.0,103.0,89.08,197598.0,197598.0
2025-04-10,104.0,103.22,107.28,101.0,147950.0,147950.0
2025-04-11,101.07,113.54,113.54,100.11,134566.0,134566.0
2025-04-14,116.88,114.25,118.72,113.5,136390.0,136390.0
2025-04-15,115.0,113.41,116.29,111.7,80529.0,80529.0
2025-04-16,112.51,112.77,116.47,111.6,90517.0,90517.0
2025-04-17,111.61,111.33,115.86,111.08,72120.0,72120.0
2025-04-18,111.11,109.55,112.39,108.7,54170.0,54170.0
2025-04-21,108.11,116.0,116.83,106.69,108097.0,108097.0
2025-04-22,116.0,113.99,118.1,113.91,78778.0,78778.0
2025-04-23,117.76,125.39,125.39,116.51,108886.0,108886.0
2025-04-24,127.5,125.32,131.48,124.62,152114.0,152114.0
2025-04-25,127.49,127.35,130.68,123.44,93931.0,93931.0
2025-04-28,127.35,123.54,128.98,123.25,63098.0,63098.0
2025-04-29,122.11,125.0,127.39,120.01,91548.0,91548.0
2025-04-30,124.57,127.06,128.97,123.08,119646.0,119646.0
2025-05-06,128.97,130.51,132.74,126.0,105567.0,105567.0
2025-05-07,132.14,128.05,132.62,125.25,100065.0,100065.0
2025-05-08,126.81,126.99,129.0,125.67,64230.0,64230.0
2025-05-09,127.0,124.0,127.0,122.22,60646.0,60646.0
2025-05-12,126.0,133.5,135.98,125.0,149423.0,149423.0
2025-05-13,130.0,125.6,131.0,125.0,149418.0,149418.0
2025-05-14,124.36,124.64,125.8,123.0,65816.0,65816.0
2025-05-15,124.2,120.13,124.2,120.0,64016.0,64016.0
2025-05-16,118.97,120.92,123.34,118.2,64823.0,64823.0
2025-05-19,119.71,115.35,120.0,113.5,88773.0,88773.0
2025-05-20,115.99,115.05,116.37,114.13,48481.0,48481.0
2025-05-21,114.15,113.77,115.38,113.01,47174.0,47174.0
2025-05-22,113.74,112.6,114.89,112.11,47668.0,47668.0
2025-05-23,111.8,111.74,114.8,111.21,61084.0,61084.0
2025-05-26,111.12,110.85,112.3,110.0,48585.0,48585.0
2025-05-27,110.9,107.72,111.26,107.31,50477.0,50477.0
2025-05-28,107.58,106.62,108.89,106.16,44235.0,44235.0
2025-05-29,106.65,107.28,108.5,106.65,42541.0,42541.0
2025-05-30,107.0,103.06,107.0,102.68,60843.0,60843.0
2025-06-03,102.0,102.9,104.38,101.1,46715.0,46715.0
2025-06-04,102.9,103.4,103.92,101.8,57965.0,57965.0
2025-06-05,103.4,104.31,105.7,102.33,74932.0,74932.0
2025-06-06,104.66,103.09,104.69,102.07,58462.0,58462.0
2025-06-09,103.87,104.5,109.3,103.82,121821.0,121821.0
2025-06-10,104.5,101.23,105.0,98.58,118878.0,118878.0
2025-06-11,101.22,101.96,102.5,100.23,60667.0,60667.0
2025-06-12,101.01,102.08,102.37,100.6,42069.0,42069.0
2025-06-13,101.01,100.09,103.69,99.49,59335.0,59335.0
2025-06-16,99.42,99.53,100.48,99.36,41519.0,41519.0
2025-06-17,99.98,99.01,100.8,98.26,36845.0,36845.0
2025-06-18,98.78,100.22,101.0,98.33,50965.0,50965.0
2025-06-19,100.05,103.08,105.84,99.11,134138.0,134138.0
2025-06-20,102.62,98.4,102.62,98.3,78922.0,78922.0
2025-06-23,96.0,98.12,99.17,95.59,42733.0,42733.0
2025-06-24,99.2,105.24,106.5,99.02,134250.0,134250.0
2025-06-25,105.24,109.08,109.6,104.36,127270.0,127270.0
2025-06-26,110.36,107.15,110.55,106.83,86403.0,86403.0
2025-06-27,106.9,106.74,107.78,105.01,53219.0,53219.0
2025-06-30,106.98,108.15,110.29,106.64,72345.0,72345.0
2025-07-01,107.84,107.61,109.79,107.03,51522.0,51522.0
2025-07-02,106.76,104.33,107.14,103.7,52305.0,52305.0
2025-07-03,104.1,104.19,105.48,103.2,39834.0,39834.0
2025-07-04,103.88,103.0,104.99,102.22,42376.0,42376.0
2025-07-07,103.49,100.8,103.68,100.5,38254.0,38254.0
2025-07-08,100.81,105.17,108.55,100.61,92537.0,92537.0
2025-07-09,108.0,105.12,108.2,104.66,80172.0,80172.0
2025-07-10,104.0,103.48,104.7,102.59,43975.0,43975.0
2025-07-11,103.47,107.99,110.0,102.36,111986.0,111986.0
2025-07-14,108.87,111.99,114.44,108.0,123410.0,123410.0
2025-07-15,112.15,112.13,112.26,110.0,78450.0,78450.0
2025-07-16,113.1,114.98,117.57,111.55,105689.0,105689.0
2025-07-17,113.88,114.85,118.52,113.46,106318.0,106318.0
2025-07-18,114.7,114.18,115.9,112.88,70158.0,70158.0
2025-07-21,116.8,121.75,122.99,115.3,120100.0,120100.0
2025-07-22,120.0,120.1,123.73,119.17,79858.0,79858.0
2025-07-23,120.0,115.83,120.0,115.35,79519.0,79519.0
2025-07-24,116.62,116.7,118.2,115.6,47375.0,47375.0
2025-07-25,116.68,115.61,116.85,113.8,63064.0,63064.0
2025-07-28,117.0,114.81,117.48,114.2,47975.0,47975.0
2025-07-29,113.99,114.48,115.63,113.12,50804.0,50804.0
2025-07-30,114.06,112.21,114.13,111.51,52737.0,52737.0
2025-07-31,111.79,112.55,115.43,111.56,62354.0,62354.0
2025-08-01,111.99,109.5,113.28,108.48,56693.0,56693.0
2025-08-04,108.55,115.3,115.3,108.43,81992.0,81992.0
2025-08-05,115.99,115.68,116.48,113.73,57572.0,57572.0
2025-08-06,115.8,121.91,126.76,114.57,145971.0,145971.0
2025-08-07,121.95,120.68,123.32,119.71,84885.0,84885.0
2025-08-08,120.0,117.28,120.66,117.01,60743.0,60743.0
2025-08-11,117.5,117.13,119.5,116.08,61583.0,61583.0
2025-08-12,117.24,117.62,118.5,115.76,55632.0,55632.0
2025-08-13,117.36,119.64,120.16,116.3,75871.0,75871.0
2025-08-14,120.0,117.1,120.5,115.0,86176.0,86176.0
2025-08-15,117.64,118.94,119.86,116.9,74119.0,74119.0
2025-08-18,120.0,121.48,123.89,118.0,102157.0,102157.0
2025-08-19,121.48,123.15,126.0,118.08,111227.0,111227.0
2025-08-20,122.0,124.34,125.0,121.0,77823.0,77823.0
2025-08-21,124.3,121.77,126.99,121.43,91679.0,91679.0
2025-08-22,121.11,125.56,125.99,120.23,94862.0,94862.0
2025-08-25,126.19,127.2,130.0,125.48,98742.0,98742.0
2025-08-26,126.7,123.45,126.7,123.41,83339.0,83339.0
2025-08-27,124.0,121.69,126.56,121.68,93180.0,93180.0
2025-08-28,121.16,121.79,123.0,117.51,84679.0,84679.0
