date,open,close,high,low,volume,volume.1
2022-05-19,10.154645360289654,11.42011788239262,11.42011788239262,9.97974265398274,468547.0,468547.0
2022-05-20,11.00858210284694,11.636174166654104,12.562129670631885,10.823391002051384,492639.0,492639.0
2022-05-23,11.111466047733362,10.49416237841484,11.5127134327904,10.473585589437556,428732.0,428732.0
2022-05-24,10.288394488642002,10.915986552449162,11.327522331994842,10.000319442960024,439304.0,439304.0
2022-05-25,10.566181139835336,10.339836461085213,10.679353479210398,9.825416736653112,363274.0,363274.0
2022-05-26,10.000319442960024,9.527053296482492,10.17522214926694,9.393304168130149,290673.0,290673.0
2022-05-27,9.46532292955064,9.66080242483484,9.712244397278049,9.37272737915286,206540.0,206540.0
2022-05-30,9.67109081932348,9.36243898466422,9.681379213812123,9.14638270040274,201548.0,201548.0
2022-05-31,9.36243898466422,9.15667109489138,9.393304168130149,9.00234517756175,164045.0,164045.0
2022-06-01,9.15667109489138,9.300708617732369,9.35215059017558,9.022921966539034,146677.0,146677.0
2022-06-02,9.197824672845949,9.609360452391629,9.825416736653112,9.064075544493605,252591.0,252591.0
2022-06-06,9.609360452391629,9.321285406709654,9.609360452391629,9.20811306733459,173559.0,173559.0
2022-06-07,9.280131828755083,8.73484692085706,9.290420223243729,8.59080939801607,208872.0,208872.0
2022-06-08,8.83773086574348,8.971479994095825,9.00234517756175,8.549655820061503,157429.0,157429.0
2022-06-09,8.827442471254837,8.601097792504712,8.868596049209405,8.580521003527428,94354.0,94354.0
2022-06-10,8.53936742557286,8.703981737391134,8.776000498811626,8.498213847618292,76722.0,76722.0
2022-06-13,8.73484692085706,8.631962975970639,8.899461232675332,8.53936742557286,89926.0,89926.0
2022-06-14,8.601097792504712,8.95090320511854,8.95090320511854,8.385041508243232,140288.0,140288.0
2022-06-15,8.930326416141256,8.642251370459281,8.971479994095825,8.642251370459281,115918.0,115918.0
2022-06-16,8.642251370459281,8.570232609038786,8.69369334290249,8.518790636595575,66961.0,66961.0
2022-06-17,8.549655820061503,8.642251370459281,8.642251370459281,8.467348664152366,63692.0,63692.0
2022-06-20,8.631962975970639,8.765712104322985,8.765712104322985,8.580521003527428,68710.0,68710.0
2022-06-21,8.776000498811626,8.631962975970639,8.786288893300268,8.48792545312965,68882.0,68882.0
2022-06-22,8.69369334290249,8.83773086574348,9.05378715000496,8.631962975970639,144407.0,144407.0
2022-06-23,8.765712104322985,9.527053296482492,9.72253279176669,8.724558526368417,275160.0,275160.0
2022-06-24,9.496188113016569,9.218401461823234,9.496188113016569,9.15667109489138,180848.0,180848.0
2022-06-27,9.238978250800518,9.383015773641503,9.444746140573356,9.074363938982245,136725.0,136725.0
2022-06-28,9.36243898466422,9.238978250800518,9.36243898466422,9.10522912244817,104624.0,104624.0
2022-06-29,9.238978250800518,8.69369334290249,9.238978250800518,8.69369334290249,118570.0,118570.0
2022-06-30,8.601097792504712,8.508502242106934,8.73484692085706,8.48792545312965,83638.0,83638.0
2022-07-01,8.498213847618292,8.364464719265948,8.53936742557286,8.292445957845453,62578.0,62578.0
2022-07-04,8.323311141311379,8.282157563356812,8.364464719265948,8.210138801936317,53995.0,53995.0
2022-07-05,8.292445957845453,8.12783164602718,8.364464719265948,8.004370912163477,64963.0,64963.0
2022-07-06,8.107254857049897,8.179273618470392,8.2307155909136,8.086678068072613,45013.0,45013.0
2022-07-07,8.16898522398175,8.33359953580002,8.385041508243232,8.107254857049897,58963.0,58963.0
2022-07-08,8.343887930288663,8.271869168868168,8.405618297220515,8.251292379890884,35606.0,35606.0
2022-07-11,8.261580774379526,8.148408435004464,8.261580774379526,8.07638967358397,34524.0,34524.0
2022-07-12,8.210138801936317,7.942640545231624,8.210138801936317,7.942640545231624,33694.0,33694.0
2022-07-13,7.973505728697551,8.086678068072613,8.16898522398175,7.963217334208909,33647.0,33647.0
2022-07-14,8.138120040515822,8.014659306652119,8.158696829493106,8.014659306652119,24155.0,24155.0
2022-07-15,7.973505728697551,7.880910178299773,8.107254857049897,7.870621783811131,36133.0,36133.0
2022-07-18,7.891198572788414,8.241003985402243,8.251292379890884,7.891198572788414,50566.0,50566.0
2022-07-19,8.241003985402243,8.37475311375459,8.48792545312965,8.158696829493106,60138.0,60138.0
2022-07-20,8.354176324777304,8.405618297220515,8.446771875175084,8.261580774379526,44201.0,44201.0
2022-07-21,8.426195086197799,8.848019260232121,8.88917283818669,8.313022746822737,119264.0,119264.0
2022-07-22,8.878884443698048,8.673116553925206,8.95090320511854,8.621674581481997,75506.0,75506.0
2022-07-25,8.673116553925206,8.570232609038786,8.796577287788912,8.549655820061503,43279.0,43279.0
2022-07-26,8.570232609038786,8.724558526368417,8.724558526368417,8.446771875175084,33820.0,33820.0
2022-07-27,8.724558526368417,8.971479994095825,9.115517516936812,8.683404948413848,82795.0,82795.0
2022-07-28,8.981768388584467,8.95090320511854,9.36243898466422,8.909749627163974,124321.0,124321.0
2022-07-29,9.05378715000496,9.074363938982245,9.14638270040274,8.909749627163974,82696.0,82696.0
2022-08-01,9.022921966539034,9.46532292955064,9.557918479948418,8.961191599607183,139017.0,139017.0
2022-08-02,9.35215059017558,9.527053296482492,9.835705131141752,9.05378715000496,166523.0,166523.0
2022-08-03,9.46532292955064,9.115517516936812,9.701956002789409,9.043498755516318,159535.0,159535.0
2022-08-04,9.084652333470888,9.166959489380025,9.166959489380025,8.878884443698048,82173.0,82173.0
2022-08-05,9.10522912244817,9.2595550397778,9.455034535061998,9.064075544493605,75818.0,75818.0
2022-08-08,9.10522912244817,9.403592562618789,9.46532292955064,8.981768388584467,70144.0,70144.0
2022-08-09,9.46532292955064,9.280131828755083,9.557918479948418,9.24926664528916,56243.0,56243.0
2022-08-10,9.300708617732369,9.300708617732369,9.383015773641503,9.166959489380025,50475.0,50475.0
2022-08-11,9.300708617732369,9.537341690971134,9.856281920119036,9.187536278357308,111091.0,111091.0
2022-08-12,9.51676490199385,9.269843434266445,9.588783663414343,9.269843434266445,65646.0,65646.0
2022-08-15,9.2595550397778,9.218401461823234,9.300708617732369,9.15667109489138,39362.0,39362.0
2022-08-16,9.20811306733459,9.46532292955064,9.527053296482492,9.20811306733459,65743.0,65743.0
2022-08-17,9.650514030346198,9.506476507505209,9.67109081932348,9.434457746084714,53313.0,53313.0
2022-08-18,9.66080242483484,9.527053296482492,9.66080242483484,9.496188113016569,50517.0,50517.0
2022-08-19,9.56820687443706,9.177247883868665,9.609360452391629,9.15667109489138,64888.0,64888.0
2022-08-22,9.15667109489138,9.24926664528916,9.290420223243729,8.961191599607183,55077.0,55077.0
2022-08-23,9.228689856311876,9.24926664528916,9.51676490199385,9.15667109489138,47125.0,47125.0
2022-08-24,9.238978250800518,8.724558526368417,9.290420223243729,8.69369334290249,49784.0,49784.0
2022-08-25,8.652539764947923,8.611386186993354,8.796577287788912,8.477637058641008,36407.0,36407.0
2022-08-26,8.611386186993354,8.714270131879776,8.806865682277554,8.59080939801607,22583.0,22583.0
2022-08-29,8.683404948413848,8.69369334290249,8.930326416141256,8.518790636595575,23025.0,23025.0
2022-08-30,8.73484692085706,8.59080939801607,8.786288893300268,8.53936742557286,23085.0,23085.0
2022-08-31,8.611386186993354,8.292445957845453,8.611386186993354,8.282157563356812,25347.0,25347.0
2022-09-01,8.343887930288663,8.251292379890884,8.415906691709157,8.220427196424959,20714.0,20714.0
2022-09-02,8.251292379890884,8.354176324777304,8.405618297220515,8.199850407447675,17436.0,17436.0
2022-09-05,8.364464719265948,8.415906691709157,8.477637058641008,8.313022746822737,16368.0,16368.0
2022-09-06,8.415906691709157,8.457060269663726,8.477637058641008,8.354176324777304,25130.0,25130.0
2022-09-07,8.498213847618292,8.508502242106934,8.611386186993354,8.405618297220515,21166.0,21166.0
2022-09-08,8.457060269663726,8.385041508243232,8.549655820061503,8.37475311375459,17834.0,17834.0
2022-09-09,8.385041508243232,8.37475311375459,8.549655820061503,8.33359953580002,18647.0,18647.0
2022-09-13,8.385041508243232,8.467348664152366,8.508502242106934,8.364464719265948,13168.0,13168.0
2022-09-14,8.415906691709157,8.313022746822737,8.43648348068644,8.210138801936317,20744.0,20744.0
2022-09-15,8.343887930288663,8.035236095629402,8.37475311375459,7.942640545231624,23911.0,23911.0
2022-09-16,8.02494770114076,8.045524490118044,8.271869168868168,8.014659306652119,20837.0,20837.0
2022-09-19,8.02494770114076,7.788314627901995,8.045524490118044,7.788314627901995,27906.0,27906.0
2022-09-20,7.829468205856563,7.952928939720267,8.02494770114076,7.829468205856563,23859.0,23859.0
2022-09-21,7.963217334208909,7.973505728697551,8.014659306652119,7.778026233413352,16003.0,16003.0
2022-09-22,7.891198572788414,8.02494770114076,8.096966462561255,7.870621783811131,15625.0,15625.0
2022-09-23,7.973505728697551,7.983794123186192,8.066101279095328,7.952928939720267,18064.0,18064.0
2022-09-26,7.860333389322489,7.706007471992859,8.004370912163477,7.685430683015574,15150.0,15150.0
2022-09-27,7.7162958664815005,7.850044994833847,7.880910178299773,7.685430683015574,12931.0,12931.0
2022-09-28,7.880910178299773,7.623700316083723,7.880910178299773,7.623700316083723,15438.0,15438.0
2022-09-29,7.706007471992859,7.592835132617797,7.798603022390637,7.5516815546632285,12726.0,12726.0
2022-09-30,7.685430683015574,7.428220820799525,7.685430683015574,7.417932426310883,12602.0,12602.0
2022-10-10,7.51052797670866,7.345913664890388,7.51052797670866,7.273894903469895,14445.0,14445.0
2022-10-11,7.30476008693582,7.407644031822241,7.438509215288167,7.284183297958537,13443.0,13443.0
2022-10-12,7.407644031822241,7.736872655458784,7.757449444436069,7.387067242844957,18267.0,18267.0
2022-10-13,7.736872655458784,7.736872655458784,7.798603022390637,7.623700316083723,10920.0,10920.0
2022-10-14,7.726584260970142,7.778026233413352,8.02494770114076,7.7162958664815005,12263.0,12263.0
2022-10-17,7.7162958664815005,7.880910178299773,7.901486967277056,7.695719077504217,12302.0,12302.0
2022-10-18,7.952928939720267,7.911775361765699,7.952928939720267,7.81917981136792,13428.0,13428.0
2022-10-19,7.891198572788414,7.922063756254341,8.004370912163477,7.839756600345205,10399.0,10399.0
2022-10-20,7.850044994833847,7.81917981136792,7.952928939720267,7.7162958664815005,10629.0,10629.0
2022-10-21,7.808891416879279,7.798603022390637,7.891198572788414,7.747161049947427,6800.0,6800.0
2022-10-24,7.81917981136792,7.81917981136792,7.973505728697551,7.778026233413352,16065.0,16065.0
2022-10-25,7.736872655458784,8.086678068072613,8.107254857049897,7.51052797670866,25329.0,25329.0
2022-10-26,8.117543251538539,8.282157563356812,8.529079031084217,8.096966462561255,41998.0,41998.0
2022-10-27,8.282157563356812,8.138120040515822,8.467348664152366,8.138120040515822,27078.0,27078.0
2022-10-28,8.271869168868168,7.870621783811131,8.292445957845453,7.839756600345205,20450.0,20450.0
2022-10-31,7.922063756254341,8.066101279095328,8.148408435004464,7.356202059379031,27470.0,27470.0
2022-11-01,7.973505728697551,8.251292379890884,8.251292379890884,7.973505728697551,20619.0,20619.0
2022-11-02,8.282157563356812,8.282157563356812,8.313022746822737,8.179273618470392,19519.0,19519.0
2022-11-03,8.282157563356812,8.457060269663726,8.53936742557286,8.2307155909136,34678.0,34678.0
2022-11-04,8.43648348068644,8.601097792504712,8.621674581481997,8.37475311375459,30856.0,30856.0
2022-11-07,8.611386186993354,8.529079031084217,8.662828159436565,8.508502242106934,28497.0,28497.0
2022-11-08,8.467348664152366,8.53936742557286,8.580521003527428,8.395329902731874,18648.0,18648.0
2022-11-09,8.518790636595575,8.48792545312965,8.621674581481997,8.457060269663726,15134.0,15134.0
2022-11-10,8.549655820061503,8.467348664152366,8.611386186993354,8.426195086197799,16545.0,16545.0
2022-11-11,8.53936742557286,8.446771875175084,8.662828159436565,8.364464719265948,26340.0,26340.0
2022-11-14,8.549655820061503,8.292445957845453,8.549655820061503,8.2307155909136,21389.0,21389.0
2022-11-15,8.271869168868168,8.385041508243232,8.405618297220515,8.220427196424959,24808.0,24808.0
2022-11-16,8.405618297220515,8.364464719265948,8.43648348068644,8.323311141311379,18962.0,18962.0
2022-11-17,8.385041508243232,8.477637058641008,8.508502242106934,8.292445957845453,21253.0,21253.0
2022-11-18,8.477637058641008,8.261580774379526,8.498213847618292,8.2307155909136,22623.0,22623.0
2022-11-21,8.261580774379526,8.364464719265948,8.37475311375459,8.189562012959033,20931.0,20931.0
2022-11-22,8.292445957845453,8.210138801936317,8.385041508243232,8.189562012959033,17422.0,17422.0
2022-11-23,8.251292379890884,8.241003985402243,8.343887930288663,8.12783164602718,21027.0,21027.0
2022-11-24,8.241003985402243,8.210138801936317,8.313022746822737,8.179273618470392,15795.0,15795.0
2022-11-25,8.251292379890884,8.07638967358397,8.251292379890884,8.066101279095328,15624.0,15624.0
2022-11-28,8.07638967358397,7.901486967277056,8.07638967358397,7.901486967277056,18141.0,18141.0
2022-11-29,7.922063756254341,8.004370912163477,8.035236095629402,7.911775361765699,17279.0,17279.0
2022-11-30,7.994082517674834,8.210138801936317,8.292445957845453,7.952928939720267,31023.0,31023.0
2022-12-01,8.271869168868168,8.220427196424959,8.43648348068644,8.210138801936317,22297.0,22297.0
2022-12-02,8.189562012959033,8.282157563356812,8.302734352334095,8.16898522398175,15665.0,15665.0
2022-12-05,8.282157563356812,8.323311141311379,8.405618297220515,8.251292379890884,17578.0,17578.0
2022-12-06,8.323311141311379,8.271869168868168,8.364464719265948,8.241003985402243,13698.0,13698.0
2022-12-07,8.271869168868168,8.220427196424959,8.33359953580002,8.199850407447675,20462.0,20462.0
2022-12-08,8.16898522398175,8.179273618470392,8.251292379890884,8.107254857049897,17131.0,17131.0
2022-12-09,8.189562012959033,7.994082517674834,8.241003985402243,7.994082517674834,28689.0,28689.0
2022-12-12,8.004370912163477,7.994082517674834,8.12783164602718,7.952928939720267,18022.0,18022.0
2022-12-13,8.004370912163477,7.932352150742982,8.055812884606686,7.922063756254341,12855.0,12855.0
2022-12-14,7.901486967277056,7.808891416879279,8.004370912163477,7.747161049947427,19253.0,19253.0
2022-12-15,7.850044994833847,7.983794123186192,7.983794123186192,7.778026233413352,22801.0,22801.0
2022-12-16,7.973505728697551,7.757449444436069,7.983794123186192,7.757449444436069,17186.0,17186.0
2022-12-19,7.757449444436069,7.603123527106439,7.839756600345205,7.56196994915187,13947.0,13947.0
2022-12-20,7.613411921595081,7.582546738129155,7.685430683015574,7.51052797670866,21703.0,21703.0
2022-12-21,7.603123527106439,7.500239582220018,7.644277105061007,7.45908600426545,16863.0,16863.0
2022-12-22,7.56196994915187,7.356202059379031,7.572258343640513,7.356202059379031,15523.0,15523.0
2022-12-23,7.335625270401747,7.30476008693582,7.726584260970142,7.263606508981252,22916.0,22916.0
2022-12-26,7.222452931026684,7.531104765685945,7.603123527106439,7.222452931026684,18546.0,18546.0
2022-12-27,7.613411921595081,7.45908600426545,7.66485389403829,7.428220820799525,10861.0,10861.0
2022-12-28,7.500239582220018,7.294471692447178,7.500239582220018,7.294471692447178,16352.0,16352.0
2022-12-29,7.294471692447178,7.284183297958537,7.407644031822241,7.263606508981252,13109.0,13109.0
2022-12-30,7.30476008693582,7.366490453867673,7.45908600426545,7.30476008693582,7722.0,7722.0
2023-01-03,7.366490453867673,7.531104765685945,7.572258343640513,7.366490453867673,18939.0,18939.0
2023-01-04,7.572258343640513,7.623700316083723,7.726584260970142,7.531104765685945,22200.0,22200.0
2023-01-05,7.582546738129155,7.66485389403829,7.778026233413352,7.541393160174587,15094.0,15094.0
2023-01-06,7.726584260970142,7.623700316083723,7.788314627901995,7.582546738129155,17070.0,17070.0
2023-01-09,7.736872655458784,7.747161049947427,7.798603022390637,7.66485389403829,16888.0,16888.0
2023-01-10,7.747161049947427,7.788314627901995,7.870621783811131,7.675142288526932,16977.0,16977.0
2023-01-11,7.81917981136792,7.603123527106439,7.839756600345205,7.603123527106439,18651.0,18651.0
2023-01-12,7.582546738129155,7.633988710572365,7.7677378389247105,7.572258343640513,17869.0,17869.0
2023-01-13,7.633988710572365,7.808891416879279,7.839756600345205,7.633988710572365,25664.0,25664.0
2023-01-16,7.829468205856563,7.891198572788414,7.942640545231624,7.778026233413352,25797.0,25797.0
2023-01-17,7.891198572788414,7.952928939720267,8.055812884606686,7.860333389322489,24154.0,24154.0
2023-01-18,7.952928939720267,8.086678068072613,8.107254857049897,7.952928939720267,22110.0,22110.0
2023-01-19,8.179273618470392,8.12783164602718,8.179273618470392,7.963217334208909,25113.0,25113.0
2023-01-20,8.12783164602718,8.158696829493106,8.16898522398175,8.086678068072613,18415.0,18415.0
2023-01-30,8.220427196424959,8.251292379890884,8.343887930288663,8.199850407447675,25287.0,25287.0
2023-01-31,8.33359953580002,8.37475311375459,8.415906691709157,8.210138801936317,34148.0,34148.0
2023-02-01,8.37475311375459,8.33359953580002,8.518790636595575,8.302734352334095,90536.0,90536.0
2023-02-02,8.477637058641008,8.364464719265948,8.570232609038786,8.2307155909136,74142.0,74142.0
2023-02-03,8.518790636595575,8.282157563356812,8.570232609038786,8.2307155909136,61748.0,61748.0
2023-02-06,8.302734352334095,8.251292379890884,8.364464719265948,8.2307155909136,34889.0,34889.0
2023-02-07,8.282157563356812,8.43648348068644,8.498213847618292,8.261580774379526,52767.0,52767.0
2023-02-08,8.395329902731874,8.415906691709157,8.457060269663726,8.343887930288663,24951.0,24951.0
2023-02-09,8.385041508243232,8.446771875175084,8.518790636595575,8.364464719265948,39733.0,39733.0
2023-02-10,8.498213847618292,8.395329902731874,8.498213847618292,8.343887930288663,24729.0,24729.0
2023-02-13,8.385041508243232,8.385041508243232,8.395329902731874,8.282157563356812,22303.0,22303.0
2023-02-14,8.426195086197799,8.354176324777304,8.43648348068644,8.323311141311379,22098.0,22098.0
2023-02-15,8.354176324777304,8.354176324777304,8.426195086197799,8.282157563356812,35773.0,35773.0
2023-02-16,8.385041508243232,8.107254857049897,8.405618297220515,8.066101279095328,36361.0,36361.0
2023-02-17,8.117543251538539,8.117543251538539,8.261580774379526,8.086678068072613,21492.0,21492.0
2023-02-20,8.107254857049897,8.199850407447675,8.210138801936317,8.086678068072613,22798.0,22798.0
2023-02-21,8.210138801936317,8.292445957845453,8.354176324777304,8.138120040515822,19618.0,19618.0
2023-02-22,8.292445957845453,8.210138801936317,8.313022746822737,8.148408435004464,25596.0,25596.0
2023-02-23,8.189562012959033,8.282157563356812,8.354176324777304,8.189562012959033,24979.0,24979.0
2023-02-24,8.282157563356812,8.16898522398175,8.302734352334095,8.12783164602718,16231.0,16231.0
2023-02-27,8.210138801936317,8.014659306652119,8.210138801936317,8.014659306652119,26131.0,26131.0
2023-02-28,8.055812884606686,8.117543251538539,8.138120040515822,8.014659306652119,20423.0,20423.0
2023-03-01,8.117543251538539,8.12783164602718,8.189562012959033,8.096966462561255,18236.0,18236.0
2023-03-02,8.12783164602718,8.107254857049897,8.241003985402243,8.045524490118044,25159.0,25159.0
2023-03-03,8.12783164602718,8.02494770114076,8.138120040515822,7.973505728697551,19511.0,19511.0
2023-03-06,8.086678068072613,7.994082517674834,8.107254857049897,7.994082517674834,21792.0,21792.0
2023-03-07,8.02494770114076,7.81917981136792,8.02494770114076,7.798603022390637,23326.0,23326.0
2023-03-08,7.798603022390637,7.829468205856563,7.870621783811131,7.7677378389247105,15434.0,15434.0
2023-03-09,7.81917981136792,7.81917981136792,7.901486967277056,7.7677378389247105,15979.0,15979.0
2023-03-10,7.798603022390637,7.736872655458784,7.860333389322489,7.736872655458784,18328.0,18328.0
2023-03-13,7.736872655458784,7.6545654995496495,7.850044994833847,7.592835132617797,21682.0,21682.0
2023-03-14,7.66485389403829,7.51052797670866,7.736872655458784,7.438509215288167,25333.0,25333.0
2023-03-15,7.572258343640513,7.613411921595081,7.695719077504217,7.520816371197302,17765.0,17765.0
2023-03-16,7.613411921595081,7.531104765685945,7.685430683015574,7.500239582220018,13689.0,13689.0
2023-03-17,7.520816371197302,7.479662793242734,7.603123527106439,7.479662793242734,18444.0,18444.0
2023-03-20,7.520816371197302,7.479662793242734,7.531104765685945,7.407644031822241,15609.0,15609.0
2023-03-21,7.520816371197302,7.603123527106439,7.623700316083723,7.448797609776808,16639.0,16639.0
2023-03-22,7.633988710572365,7.747161049947427,7.7677378389247105,7.572258343640513,19207.0,19207.0
2023-03-23,7.726584260970142,7.675142288526932,7.747161049947427,7.623700316083723,13280.0,13280.0
2023-03-24,7.736872655458784,7.7677378389247105,7.788314627901995,7.633988710572365,21587.0,21587.0
2023-03-27,7.7677378389247105,7.757449444436069,7.798603022390637,7.613411921595081,31337.0,31337.0
2023-03-28,7.81917981136792,7.695719077504217,7.81917981136792,7.675142288526932,13285.0,13285.0
2023-03-29,7.706007471992859,7.633988710572365,7.747161049947427,7.613411921595081,11896.0,11896.0
2023-03-30,7.56196994915187,7.520816371197302,7.695719077504217,7.45908600426545,21915.0,21915.0
2023-03-31,7.520816371197302,7.531104765685945,7.592835132617797,7.469374398754092,20020.0,20020.0
2023-04-03,7.531104765685945,7.572258343640513,7.623700316083723,7.438509215288167,33835.0,33835.0
2023-04-04,7.572258343640513,7.376778848356315,7.572258343640513,7.335625270401747,40557.0,40557.0
2023-04-06,7.345913664890388,7.232741325515327,7.376778848356315,7.2018761420494,26140.0,26140.0
2023-04-07,7.232741325515327,7.284183297958537,7.325336875913105,7.222452931026684,13623.0,13623.0
2023-04-10,7.263606508981252,7.2018761420494,7.356202059379031,7.181299353072117,25896.0,25896.0
2023-04-11,7.181299353072117,7.057838619208413,7.222452931026684,7.026973435742487,27686.0,27686.0
2023-04-12,7.098992197162981,7.119568986140265,7.160722564094833,7.0784154081856965,16192.0,16192.0
2023-04-13,7.1298573806289065,7.068127013697055,7.160722564094833,7.057838619208413,17097.0,17097.0
2023-04-14,7.088703802674338,7.0784154081856965,7.1298573806289065,7.068127013697055,14249.0,14249.0
2023-04-17,7.088703802674338,7.150434169606191,7.171010958583475,7.068127013697055,21528.0,21528.0
2023-04-18,7.160722564094833,7.222452931026684,7.232741325515327,7.119568986140265,19734.0,19734.0
2023-04-19,7.222452931026684,7.088703802674338,7.222452931026684,7.057838619208413,18807.0,18807.0
2023-04-20,7.088703802674338,6.954954674321993,7.119568986140265,6.893224307390141,20621.0,20621.0
2023-04-21,6.944666279833351,6.780051968015078,6.99610825227656,6.7594751790377945,21565.0,21565.0
2023-04-24,6.769763573526436,6.841782334946931,6.893224307390141,6.636014445174091,22656.0,22656.0
2023-04-25,6.831493940458288,6.718321601083227,6.841782334946931,6.636014445174091,24264.0,24264.0
2023-04-26,6.738898390060511,7.006396646765202,7.026973435742487,6.728609995571869,25968.0,25968.0
2023-04-27,6.99610825227656,7.1298573806289065,7.181299353072117,6.903512701878783,27681.0,27681.0
2023-04-28,7.098992197162981,7.140145775117549,7.181299353072117,7.057838619208413,20577.0,20577.0
2023-05-04,7.171010958583475,7.479662793242734,7.5516815546632285,7.160722564094833,63078.0,63078.0
2023-05-05,7.531104765685945,7.387067242844957,7.531104765685945,7.366490453867673,22585.0,22585.0
2023-05-08,7.397355637333599,7.428220820799525,7.500239582220018,7.387067242844957,19778.0,19778.0
2023-05-09,7.479662793242734,7.428220820799525,7.51052797670866,7.397355637333599,26924.0,26924.0
2023-05-10,7.438509215288167,7.520816371197302,7.531104765685945,7.397355637333599,16159.0,16159.0
2023-05-11,7.541393160174587,7.541393160174587,7.572258343640513,7.469374398754092,11840.0,11840.0
2023-05-12,7.56196994915187,7.757449444436069,7.7677378389247105,7.500239582220018,31972.0,31972.0
2023-05-15,7.778026233413352,7.51052797670866,7.798603022390637,7.417932426310883,40947.0,40947.0
2023-05-16,7.500239582220018,7.56196994915187,7.644277105061007,7.489951187731377,34766.0,34766.0
2023-05-17,7.0919238345368,7.1425804333549205,7.19323703217304,7.071661195009553,25290.0,25290.0
2023-05-18,7.0919238345368,7.243893630991161,7.314812869336528,7.0919238345368,25266.0,25266.0
2023-05-19,7.223630991463912,7.183105712409416,7.284418910045657,7.172974392645792,13829.0,13829.0
2023-05-22,7.183105712409416,7.243893630991161,7.324944189100153,7.152711753118544,20620.0,20620.0
2023-05-23,7.243893630991161,7.274287590282032,7.385732107681896,7.203368351936665,18237.0,18237.0
2023-05-24,7.243893630991161,7.223630991463912,7.304681549572904,7.203368351936665,13134.0,13134.0
2023-05-25,7.243893630991161,7.223630991463912,7.264156270518408,7.132449113591297,16233.0,16233.0
2023-05-26,7.203368351936665,7.426257386736393,7.456651346027264,7.162843072882168,31758.0,31758.0
2023-05-29,7.375600787918272,7.213499671700289,7.426257386736393,7.19323703217304,23683.0,23683.0
2023-05-30,7.213499671700289,7.274287590282032,7.335075508863777,7.203368351936665,14270.0,14270.0
2023-05-31,7.314812869336528,7.233762311227536,7.324944189100153,7.213499671700289,8738.0,8738.0
2023-06-01,7.213499671700289,7.203368351936665,7.264156270518408,7.183105712409416,15849.0,15849.0
2023-06-02,7.19323703217304,7.355338148391024,7.426257386736393,7.19323703217304,33746.0,33746.0
2023-06-05,7.44652002626364,7.426257386736393,7.44652002626364,7.324944189100153,18373.0,18373.0
2023-06-06,7.426257386736393,7.29455022980928,7.426257386736393,7.284418910045657,11841.0,11841.0
2023-06-07,7.29455022980928,7.264156270518408,7.335075508863777,7.233762311227536,12577.0,12577.0
2023-06-08,7.274287590282032,7.254024950754784,7.345206828627401,7.243893630991161,11118.0,11118.0
2023-06-09,7.29455022980928,7.233762311227536,7.324944189100153,7.183105712409416,18147.0,18147.0
2023-06-12,7.274287590282032,7.436388706500016,7.456651346027264,7.19323703217304,30101.0,30101.0
2023-06-13,7.476913985554512,7.598489822718,7.639015101772497,7.456651346027264,27492.0,27492.0
2023-06-14,7.608621142481624,7.578227183190752,7.709934340117865,7.557964543663505,21845.0,21845.0
2023-06-15,7.618752462245248,7.730196979645112,8.003742613262961,7.557964543663505,64909.0,64909.0
2023-06-16,7.720065659881488,8.500177281680537,8.500177281680537,7.709934340117865,245185.0,245185.0
2023-06-19,8.145581089953696,8.277288246880808,8.439389363098792,8.115187130662823,241773.0,241773.0
2023-06-20,8.186106369008192,9.108056467497976,9.108056467497976,7.942954694681216,321028.0,321028.0
2023-06-21,8.763591595534761,10.019875246224135,10.019875246224135,8.662278397898522,365514.0,365514.0
2023-06-26,10.6378857518052,11.022875902822912,11.022875902822912,10.414996717005472,133638.0,133638.0
2023-06-27,11.1444517399864,12.127189757057929,12.127189757057929,9.999612606696887,636509.0,636509.0
2023-06-28,12.187977675639672,13.342948128692807,13.342948128692807,12.187977675639672,351743.0,351743.0
2023-06-29,14.680282337491176,14.680282337491176,14.680282337491176,14.680282337491176,85565.0,85565.0
2023-06-30,15.196979645436,15.663020354562706,16.149323703216655,14.852514773472786,661560.0,661560.0
2023-07-03,15.663020354562706,15.217242284963248,16.007485226525922,14.9436966513454,538512.0,538512.0
2023-07-04,14.852514773472786,15.348949441890362,15.531313197635592,14.741070256072922,478437.0,478437.0
2023-07-05,13.819120157583136,14.00148391332837,14.963959290872648,13.819120157583136,535723.0,535723.0
2023-07-06,13.505049244910794,14.497918581745946,14.629625738673056,13.282160210111064,451840.0,451840.0
2023-07-07,14.08253447143736,13.049139855547711,14.48778726198232,13.049139855547711,403785.0,403785.0
2023-07-10,12.674281024293624,12.71480630334812,13.028877216020463,12.491917268548391,271989.0,271989.0
2023-07-11,12.9174326986206,13.01874589625684,13.130190413656706,12.724937623111746,261749.0,261749.0
2023-07-12,12.927564018384224,13.839382797110384,14.1838476690736,12.66414970453,487276.0,487276.0
2023-07-13,13.1707156927112,12.775594221929865,13.180847012474825,12.451391989493896,390117.0,390117.0
2023-07-14,12.562836506893762,13.332816808929184,13.667150361128776,12.370341431384906,380626.0,380626.0
2023-07-17,13.028877216020463,14.163585029546352,14.670151017727552,12.927564018384224,458436.0,458436.0
2023-07-18,13.900170715692129,13.77859487852864,14.08253447143736,13.06940249507496,349793.0,349793.0
2023-07-19,13.606362442547033,15.156454366381505,15.156454366381505,13.27202889034744,468103.0,468103.0
2023-07-20,15.612363755744584,16.676152330925106,16.676152330925106,15.511050558108344,416038.0,416038.0
2023-07-21,17.071273801706443,15.004484569927143,17.456263952724154,15.004484569927143,565408.0,565408.0
2023-07-24,13.505049244910794,13.505049244910794,14.173716349309975,13.505049244910794,410461.0,410461.0
2023-07-25,13.251766250820191,13.363210768220055,13.6772816808924,13.1707156927112,356287.0,356287.0
2023-07-26,12.968089297438722,12.522311227839264,13.12005909389308,12.481785948784768,294659.0,294659.0
2023-07-27,12.61349310571188,12.46152330925752,12.957957977675097,12.441260669730273,238223.0,238223.0
2023-07-28,12.1575837163488,12.198108995403295,12.643887065002753,11.691543007222096,268120.0,268120.0
2023-07-31,12.187977675639672,12.390604070912152,12.532442547602887,11.965088640839944,207029.0,207029.0
2023-08-01,12.370341431384906,12.076533158239808,12.390604070912152,12.025876559421688,170411.0,170411.0
2023-08-02,12.00561391989444,13.282160210111064,13.282160210111064,11.873906762967328,403054.0,403054.0
2023-08-03,12.957957977675097,13.06940249507496,13.292291529874689,12.785725541693488,340685.0,340685.0
2023-08-04,12.968089297438722,13.596231122783408,14.011615233091993,12.81611950098436,389359.0,389359.0
2023-08-07,13.494917925147169,13.27202889034744,13.6772816808924,13.079533814838586,244607.0,244607.0
2023-08-08,13.06940249507496,12.856644780038856,13.444261326329048,12.775594221929865,184302.0,184302.0
2023-08-09,12.9174326986206,12.927564018384224,12.98835193696597,12.502048588312016,177693.0,177693.0
2023-08-10,12.755331582402617,12.248765594221416,12.755331582402617,12.187977675639672,186476.0,186476.0
2023-08-11,12.471654629021144,12.603361785948255,12.937695338147847,12.25889691398504,246103.0,246103.0
2023-08-14,12.745200262638992,13.190978332238448,13.717806959946897,12.745200262638992,326715.0,326715.0
2023-08-15,13.1707156927112,12.775594221929865,13.180847012474825,12.38047275114853,247088.0,247088.0
2023-08-16,12.876907419566106,12.238634274457793,12.907301378856976,12.208240315166922,182080.0,182080.0
2023-08-17,12.208240315166922,13.464523965856296,13.464523965856296,12.00561391989444,330097.0,330097.0
2023-08-18,14.204110308600848,14.518181221273192,14.811989494418288,13.910302035455754,625244.0,625244.0
2023-08-21,14.03187787261924,14.062271831910111,14.680282337491176,13.687413000656024,369732.0,369732.0
2023-08-22,14.072403151673738,15.470525279053849,15.470525279053849,13.859645436637631,491200.0,491200.0
2023-08-23,15.085535128036136,15.581969796453713,17.02061720288832,14.619494418909431,586439.0,586439.0
2023-08-24,15.267898883781369,15.11592908732701,16.017616546289545,14.903171372290906,429289.0,429289.0
2023-08-25,14.741070256072922,14.214241628364473,14.89304005252728,14.021746552855616,318953.0,318953.0
2023-08-28,15.065272488508889,13.981221273801122,15.065272488508889,13.687413000656024,276908.0,276908.0
2023-08-29,13.971089954037495,15.379343401181233,15.379343401181233,13.839382797110384,220165.0,220165.0
2023-08-30,16.91930400525208,16.91930400525208,16.91930400525208,16.91930400525208,51084.0,51084.0
2023-08-31,17.638627708469386,18.61123440577729,18.61123440577729,17.182718319106307,324487.0,324487.0
2023-09-01,18.61123440577729,20.475397242284107,20.475397242284107,17.75007222586925,651751.0,651751.0
2023-09-04,20.353821405120616,22.52192383453616,22.52192383453616,19.776336178594047,522375.0,522375.0
2023-09-05,22.74481286933588,22.319297439263675,23.8086014445164,21.995095206827703,601597.0,601597.0
2023-09-06,22.43074195666354,22.81573210768125,22.81573210768125,21.387216021010264,493137.0,493137.0
2023-09-07,22.167327642809312,20.53618516086585,22.17745896257294,20.53618516086585,401818.0,401818.0
2023-09-08,20.56657912015672,20.33355876559337,21.14406434668329,20.272770847011625,367016.0,367016.0
2023-09-11,19.7560735390668,20.424740643465984,22.278772160209176,19.55344714379432,427671.0,427671.0
2023-09-12,20.019487852921028,19.664891661194183,21.0224885095198,19.14819435324936,378890.0,378890.0
2023-09-13,19.63449770190331,19.92830597504841,19.93843729481204,19.340689428758218,266086.0,266086.0
2023-09-14,19.78646749835768,19.40147734733996,20.14106369008451,18.92530531844963,218038.0,218038.0
2023-09-15,19.30016414970372,19.492659225212574,20.029619172684647,19.16845699277661,211848.0,211848.0
2023-09-18,19.55344714379432,19.88778069599391,20.617235718974843,19.462265265921705,297181.0,297181.0
2023-09-19,19.30016414970372,19.53318450426708,19.7560735390668,18.844254760340643,196889.0,196889.0
2023-09-20,19.563578463557945,19.806730137884923,20.95156927117443,19.33055810899459,331892.0,331892.0
2023-09-21,18.986093237031376,18.449133289559303,19.48252790544896,18.033749179250723,316370.0,316370.0
2023-09-22,18.36808273145031,18.702416283649907,18.732810242940776,18.195850295468706,187552.0,187552.0
2023-09-25,18.71254760341353,18.844254760340643,19.12793171372212,18.4896585686138,180233.0,180233.0
2023-09-26,18.4896585686138,19.2495075508856,20.46526592252048,18.05401181877797,379480.0,379480.0
2023-09-27,18.78346684175889,19.65476034143056,20.31329612606612,18.41873933026844,368871.0,368871.0
2023-09-28,19.2495075508856,20.25250820748437,20.95156927117443,18.82399212081339,417789.0,417789.0
2023-10-09,19.85738673670304,19.62436638213969,20.48552856204773,19.5027905449762,280687.0,280687.0
2023-10-10,19.2495075508856,17.658890347996632,19.29003282994009,17.658890347996632,319350.0,319350.0
2023-10-11,17.233374917924426,17.83112278397824,18.28703217334132,17.233374917924426,222620.0,222620.0
2023-10-12,17.59810242941489,17.365082074851536,17.689284307287505,17.101667760997312,183315.0,183315.0
2023-10-13,17.37521339461516,17.02061720288832,17.567708470124018,16.959829284306576,164481.0,164481.0
2023-10-16,17.17258699934268,16.969960604070202,17.213112278397176,16.828122127379466,116100.0,116100.0
2023-10-17,16.817990807615843,16.807859487852216,16.84838476690671,16.41273801707088,112630.0,112630.0
2023-10-18,16.63562705187061,16.088535784634914,16.63562705187061,16.078404464871287,144827.0,144827.0
2023-10-19,16.189848982271155,15.683282994089954,16.189848982271155,15.592101116217338,121700.0,121700.0
2023-10-20,15.632626395271831,15.531313197635592,15.987222586998673,15.480656598817472,88392.0,88392.0
2023-10-23,15.65288903479908,15.227373604726871,15.663020354562706,15.09566644779976,91461.0,91461.0
2023-10-24,15.16658568614513,15.571838476690088,15.744070912671695,15.16658568614513,106590.0,106590.0
2023-10-25,15.541444517399215,15.723808273144448,16.05814182534404,15.470525279053849,99544.0,99544.0
2023-10-26,15.683282994089954,15.9568286277078,16.392475377543633,15.389474720944856,192695.0,192695.0
2023-10-27,15.7035456336172,15.966959947471423,16.230374261325647,15.663020354562706,149360.0,149360.0
2023-10-30,15.885909389362432,16.048010505580418,16.149323703216655,15.632626395271831,115809.0,115809.0
2023-10-31,15.90617202888968,15.592101116217338,16.098667104398537,15.480656598817472,98605.0,98605.0
2023-11-01,15.683282994089954,15.39960604070848,15.744070912671695,15.369212081417608,83495.0,83495.0
2023-11-02,15.257767564017746,15.14632304661788,15.622495075508208,15.11592908732701,66178.0,66178.0
2023-11-03,15.885909389362432,16.66602101116148,16.66602101116148,15.885909389362432,152975.0,152975.0
2023-11-06,17.83112278397824,17.05101116217919,17.83112278397824,16.78759684832497,411530.0,411530.0
2023-11-07,17.05101116217919,16.807859487852216,17.05101116217919,16.544445173997993,250275.0,250275.0
2023-11-08,16.706546290215975,16.777465528561343,16.969960604070202,16.584970453052488,178934.0,178934.0
2023-11-09,16.7166776099796,17.93243598161448,18.276900853577697,16.270899540380142,411024.0,411024.0
2023-11-10,17.2232435981608,17.02061720288832,17.506920551542272,16.777465528561343,229829.0,229829.0
2023-11-13,17.04087984241557,17.182718319106307,17.42586999343328,16.66602101116148,154728.0,154728.0
2023-11-14,17.182718319106307,17.202980958633553,17.365082074851536,16.83825344714309,139484.0,139484.0
2023-11-15,17.354950755087913,17.132061720288185,17.354950755087913,16.878778726197584,146958.0,146958.0
2023-11-16,17.010485883124694,16.736940249506848,17.162455679579057,16.7166776099796,122569.0,122569.0
2023-11-17,16.625495732106984,17.2232435981608,17.4765265922514,16.61536441234336,189074.0,189074.0
2023-11-20,17.2232435981608,17.75007222586925,18.20598161523233,17.12193040052456,277112.0,277112.0
2023-11-21,17.547445830596768,17.182718319106307,17.66902166776026,17.061142481942817,189467.0,189467.0
2023-11-22,17.02061720288832,16.392475377543633,17.09153644123369,16.392475377543633,132171.0,132171.0
2023-11-23,16.31142481943464,16.544445173997993,16.7166776099796,16.291162179907392,96185.0,96185.0
2023-11-24,16.392475377543633,15.865646749835184,16.544445173997993,15.80485883125344,109165.0,109165.0
2023-11-27,16.068273145107664,16.02774786605317,16.199980302034778,15.7035456336172,67947.0,67947.0
2023-11-28,15.90617202888968,16.2101116217984,16.301293499671015,15.85551543007156,70376.0,70376.0
2023-11-29,16.28103086014377,16.31142481943464,16.7166776099796,16.189848982271155,118873.0,118873.0
2023-11-30,16.7166776099796,16.747071569270474,17.587971109651264,16.564707813525242,216871.0,216871.0
2023-12-01,16.2101116217984,16.007485226525922,16.260768220616523,15.60223243598096,170485.0,170485.0
2023-12-04,15.794727511489816,15.845384110307938,16.007485226525922,15.612363755744584,90872.0,90872.0
2023-12-05,15.693414313853577,15.60223243598096,16.03787918581679,15.308424162835864,108202.0,108202.0
2023-12-06,15.328686802363114,15.338818122126735,15.875778069598809,15.29829284307224,81433.0,81433.0
2023-12-07,15.348949441890362,14.781595535127416,15.379343401181233,14.6904136572548,96409.0,96409.0
2023-12-08,14.771464215363793,14.832252133945538,14.994353250163522,14.741070256072922,57590.0,57590.0
2023-12-11,14.862646093236409,15.257767564017746,15.267898883781369,14.76133289560017,86189.0,86189.0
2023-12-12,15.257767564017746,14.9436966513454,15.257767564017746,14.84238345370916,75367.0,75367.0
2023-12-13,14.84238345370916,15.490787918581097,15.90617202888968,14.710676296782047,190452.0,190452.0
2023-12-14,15.348949441890362,14.963959290872648,15.460393959290224,14.923434011818154,121163.0,121163.0
2023-12-15,15.024747209454391,14.48778726198232,15.024747209454391,14.426999343400578,93549.0,93549.0
2023-12-18,14.4371306631642,14.345948785291585,14.649888378200306,14.23450426789172,50611.0,50611.0
2023-12-19,14.38647406434608,14.508049901509567,14.508049901509567,14.08253447143736,54459.0,54459.0
2023-12-20,14.558706500327688,14.193978988837223,14.599231779382183,14.163585029546352,54571.0,54571.0
2023-12-21,14.072403151673738,14.305423506237087,14.345948785291585,13.890039395928506,65437.0,65437.0
2023-12-22,14.305423506237087,14.08253447143736,14.396605384109703,14.00148391332837,48258.0,48258.0
2023-12-25,14.00148391332837,14.224372948128096,14.254766907418968,13.87990807616488,43706.0,43706.0
2023-12-26,14.13319107025548,15.642757715035456,15.642757715035456,14.03187787261924,207697.0,207697.0
2023-12-27,15.642757715035456,15.24763624425412,16.05814182534404,14.994353250163522,252387.0,252387.0
2023-12-28,15.186848325672376,15.429999999999351,16.007485226525922,15.04500984898164,229619.0,229619.0
2023-12-29,15.318555482599487,15.592101116217338,15.713676953380824,15.227373604726871,172637.0,172637.0
2024-01-02,15.632626395271831,15.693414313853577,15.784596191726193,15.379343401181233,144764.0,144764.0
2024-01-03,15.723808273144448,15.369212081417608,15.723808273144448,15.014615889690768,120327.0,120327.0
2024-01-04,15.39960604070848,15.004484569927143,15.4502626395266,14.994353250163522,68653.0,68653.0
2024-01-05,14.994353250163522,14.53844386080044,15.227373604726871,14.48778726198232,77715.0,77715.0
2024-01-08,14.4371306631642,14.801858174654663,15.359080761653985,14.102797110964609,124449.0,124449.0
2024-01-09,14.609363099145808,15.014615889690768,15.713676953380824,14.599231779382183,127122.0,127122.0
2024-01-10,14.6904136572548,14.264898227182591,14.79172685489104,14.193978988837223,91148.0,91148.0
2024-01-11,13.991352593564743,14.4371306631642,14.48778726198232,13.991352593564743,64263.0,64263.0
2024-01-12,14.4371306631642,13.930564674983,14.4371306631642,13.930564674983,68896.0,68896.0
2024-01-15,13.839382797110384,13.667150361128776,13.910302035455754,13.575968483256162,48204.0,48204.0
2024-01-16,13.6772816808924,13.494917925147169,13.6772816808924,13.231503611292943,56417.0,56417.0
2024-01-17,13.464523965856296,13.12005909389308,13.494917925147169,13.12005909389308,43495.0,43495.0
2024-01-18,13.109927774129456,13.130190413656706,13.221372291529322,12.66414970453,56599.0,56599.0
2024-01-19,13.140321733420327,12.9174326986206,13.241634931056568,12.9174326986206,32125.0,32125.0
2024-01-22,12.98835193696597,12.1575837163488,13.01874589625684,12.00561391989444,45303.0,45303.0
2024-01-23,12.086664478003431,12.198108995403295,12.248765594221416,11.924563361785449,40318.0,40318.0
2024-01-24,12.198108995403295,12.370341431384906,12.451391989493896,11.873906762967328,51520.0,51520.0
2024-01-25,12.370341431384906,12.745200262638992,12.76546290216624,12.208240315166922,69627.0,69627.0
2024-01-26,12.704674983584496,12.623624425475503,12.846513460275233,12.58309914642101,47806.0,47806.0
2024-01-29,12.63375574523913,12.25889691398504,12.735068942875367,12.167715036112424,36142.0,36142.0
2024-01-30,12.319684832566784,13.484786605383546,13.484786605383546,12.076533158239808,123137.0,123137.0
2024-01-31,13.109927774129456,14.832252133945538,14.832252133945538,12.927564018384224,334935.0,334935.0
2024-02-01,14.497918581745946,16.31142481943464,16.31142481943464,14.426999343400578,373156.0,373156.0
2024-02-02,17.83112278397824,17.942567301378105,17.942567301378105,14.923434011818154,558470.0,558470.0
2024-02-05,19.04688115561312,16.149323703216655,19.52305318450345,16.149323703216655,653324.0,653324.0
2024-02-06,14.53844386080044,14.53844386080044,15.612363755744584,14.53844386080044,384221.0,384221.0
2024-02-07,13.930564674983,13.089665134602209,14.295292186473464,13.089665134602209,352256.0,352256.0
2024-02-08,12.4108667104394,13.231503611292943,13.62662508207428,11.80298752462196,368728.0,368728.0
2024-02-19,13.099796454365832,13.82925147734676,13.900170715692129,12.826250820747983,325015.0,325015.0
2024-02-20,14.325686145764337,15.217242284963248,15.217242284963248,14.315554826000714,475028.0,475028.0
2024-02-21,14.568837820091314,15.014615889690768,16.43300065659813,14.396605384109703,524491.0,524491.0
2024-02-22,14.89304005252728,15.987222586998673,16.02774786605317,14.619494418909431,422647.0,422647.0
2024-02-23,15.713676953380824,17.02061720288832,17.587971109651264,15.52118187787197,494199.0,494199.0
2024-02-26,17.04087984241557,16.68628365068873,17.719678266578374,16.43300065659813,441947.0,441947.0
2024-02-27,16.41273801707088,17.010485883124694,17.101667760997312,16.088535784634914,337202.0,337202.0
2024-02-28,16.817990807615843,15.308424162835864,17.12193040052456,15.308424162835864,330119.0,330119.0
2024-02-29,14.58910045961856,16.31142481943464,16.351950098489137,14.548575180564065,311566.0,311566.0
2024-03-01,16.757202889034097,16.929435325015707,17.162455679579057,16.43300065659813,396098.0,396098.0
2024-03-04,16.66602101116148,16.59510177281611,16.747071569270474,16.2101116217984,229131.0,229131.0
2024-03-05,16.230374261325647,16.098667104398537,16.463394615889,15.85551543007156,192241.0,192241.0
2024-03-06,16.139192383453032,16.59510177281611,16.747071569270474,16.10879842416216,223257.0,223257.0
2024-03-07,16.7166776099796,15.673151674326329,16.88891004596121,15.663020354562706,223588.0,223588.0
2024-03-08,15.50091923834472,15.693414313853577,15.835252790544311,15.318555482599487,131808.0,131808.0
2024-03-11,15.39960604070848,15.754202232435322,15.754202232435322,15.237504924490496,126499.0,126499.0
2024-03-12,15.896040709126057,16.240505581089273,16.31142481943464,15.7035456336172,198994.0,198994.0
2024-03-13,16.2101116217984,16.260768220616523,16.463394615889,15.966959947471423,173704.0,173704.0
2024-03-14,16.392475377543633,17.010485883124694,17.162455679579057,15.9568286277078,306457.0,306457.0
2024-03-15,16.736940249506848,17.436001313196904,17.57783978988764,16.41273801707088,344729.0,344729.0
2024-03-18,17.24350623768805,17.334688115560663,17.446132632960527,17.071273801706443,241259.0,241259.0
2024-03-19,17.27390019697892,16.706546290215975,17.27390019697892,16.696414970452352,187396.0,187396.0
2024-03-20,16.696414970452352,16.807859487852216,16.949697964542953,16.554576493761616,117420.0,117420.0
2024-03-21,16.76733420879772,16.584970453052488,16.878778726197584,16.524182534470743,106766.0,106766.0
2024-03-22,16.605233092579738,16.078404464871287,16.605233092579738,16.007485226525922,132094.0,132094.0
2024-03-25,16.017616546289545,15.359080761653985,16.15945502298028,15.29829284307224,120140.0,120140.0
2024-03-26,15.196979645436,15.92643466841693,16.05814182534404,15.16658568614513,147182.0,147182.0
2024-03-27,15.936565988180552,14.58910045961856,15.946697307944175,14.568837820091314,126893.0,126893.0
2024-03-28,14.578969139854935,15.09566644779976,15.288161523308617,14.548575180564065,102898.0,102898.0
2024-03-29,15.09566644779976,15.267898883781369,15.4502626395266,14.89304005252728,78544.0,78544.0
2024-04-01,15.288161523308617,15.50091923834472,15.571838476690088,15.288161523308617,76795.0,76795.0
2024-04-02,15.50091923834472,15.024747209454391,15.50091923834472,14.89304005252728,77813.0,77813.0
2024-04-03,15.024747209454391,14.58910045961856,15.075403808272512,14.315554826000714,67541.0,67541.0
2024-04-08,14.609363099145808,14.913302692054527,15.50091923834472,14.447261982927824,97607.0,97607.0
2024-04-09,14.79172685489104,15.41986868023573,15.50091923834472,14.710676296782047,103765.0,103765.0
2024-04-10,15.379343401181233,14.933565331581775,15.41986868023573,14.508049901509567,85905.0,85905.0
2024-04-11,14.6904136572548,15.065272488508889,15.379343401181233,14.548575180564065,79150.0,79150.0
2024-04-12,14.913302692054527,14.710676296782047,15.318555482599487,14.599231779382183,60194.0,60194.0
2024-04-15,14.629625738673056,13.890039395928506,14.822120814181911,13.27202889034744,75108.0,75108.0
2024-04-16,13.890039395928506,12.502048588312016,13.890039395928506,12.502048588312016,88785.0,88785.0
2024-04-17,12.927564018384224,13.738069599474144,13.74820091923777,12.86677609980248,115415.0,115415.0
2024-04-18,13.555705843728914,13.575968483256162,13.971089954037495,13.484786605383546,87931.0,87931.0
2024-04-19,13.555705843728914,13.667150361128776,13.72793827971052,13.383473407747305,66506.0,66506.0
2024-04-22,13.555705843728914,13.413867367038176,13.707675640183272,13.261897570583816,43201.0,43201.0
2024-04-23,13.555705843728914,13.707675640183272,13.859645436637631,13.434130006565423,68936.0,68936.0
2024-04-24,13.798857518055888,14.072403151673738,14.08253447143736,13.74820091923777,65035.0,65035.0
2024-04-25,14.143322390019106,13.971089954037495,14.163585029546352,13.900170715692129,52097.0,52097.0
2024-04-26,14.011615233091993,14.13319107025548,14.214241628364473,13.87990807616488,53802.0,53802.0
2024-04-29,14.28516086670984,14.619494418909431,14.751201575836545,14.28516086670984,82199.0,82199.0
2024-04-30,14.953827971109025,14.53844386080044,15.04500984898164,14.396605384109703,86440.0,86440.0
2024-05-06,14.76133289560017,14.6904136572548,14.852514773472786,14.629625738673056,56411.0,56411.0
2024-05-07,14.619494418909431,14.710676296782047,14.751201575836545,14.48778726198232,54480.0,54480.0
2024-05-08,14.670151017727552,14.366211424818832,14.670151017727552,14.335817465527962,48440.0,48440.0
2024-05-09,14.416868023636953,14.366211424818832,14.497918581745946,14.335817465527962,41514.0,41514.0
2024-05-10,14.518181221273192,13.991352593564743,14.548575180564065,13.900170715692129,63511.0,63511.0
2024-05-13,13.87990807616488,13.464523965856296,13.890039395928506,13.37334208798368,64855.0,64855.0
2024-05-14,13.575968483256162,13.62662508207428,13.808988837819513,13.47465528561992,43345.0,43345.0
2024-05-15,13.545574523965287,13.413867367038176,13.697544320419649,13.37334208798368,39020.0,39020.0
2024-05-16,13.515180564674417,13.505049244910794,13.616493762310656,13.464523965856296,36356.0,36356.0
2024-05-17,13.4239986868018,13.383473407747305,13.4239986868018,13.251766250820191,52464.0,52464.0
2024-05-20,13.383473407747305,13.383473407747305,13.505049244910794,13.261897570583816,44929.0,44929.0
2024-05-21,13.383473407747305,13.27202889034744,13.403736047274553,13.1707156927112,38188.0,38188.0
2024-05-22,13.0,12.88,13.08,12.82,33436.0,33436.0
2024-05-23,12.88,12.56,12.94,12.54,51096.0,51096.0
2024-05-24,12.72,12.34,12.72,12.33,42840.0,42840.0
2024-05-27,12.37,12.44,12.44,12.03,46742.0,46742.0
2024-05-28,12.43,12.04,12.43,12.0,43870.0,43870.0
2024-05-29,12.0,12.17,12.25,12.0,39468.0,39468.0
2024-05-30,12.08,12.32,12.38,11.95,50317.0,50317.0
2024-05-31,12.4,12.39,12.65,12.32,69151.0,69151.0
2024-06-03,12.39,12.27,12.53,12.14,47987.0,47987.0
2024-06-04,12.17,13.5,13.5,12.03,116162.0,116162.0
2024-06-05,13.81,13.51,13.96,13.38,280447.0,280447.0
2024-06-06,13.37,12.5,13.48,12.38,176754.0,176754.0
2024-06-07,12.86,13.03,13.2,12.3,172721.0,172721.0
2024-06-11,12.62,13.29,13.55,12.29,148001.0,148001.0
2024-06-12,13.2,13.45,14.06,13.03,183056.0,183056.0
2024-06-13,13.44,13.18,13.5,13.16,110411.0,110411.0
2024-06-14,13.03,12.89,13.12,12.68,100405.0,100405.0
2024-06-17,12.76,12.92,13.02,12.67,72616.0,72616.0
2024-06-18,12.8,13.0,13.07,12.78,82267.0,82267.0
2024-06-19,12.9,13.3,13.47,12.81,131883.0,131883.0
2024-06-20,13.2,12.57,13.32,12.48,108850.0,108850.0
2024-06-21,12.39,12.4,12.57,12.12,57168.0,57168.0
2024-06-24,12.4,11.76,12.44,11.55,76130.0,76130.0
2024-06-25,11.76,12.4,12.94,11.61,117088.0,117088.0
2024-06-26,12.59,12.38,12.6,12.0,85831.0,85831.0
2024-06-27,12.25,12.03,12.35,12.03,45149.0,45149.0
2024-06-28,12.05,12.09,12.26,11.99,45106.0,45106.0
2024-07-01,12.14,12.11,12.21,11.9,39740.0,39740.0
2024-07-02,12.11,12.37,12.61,12.0,72371.0,72371.0
2024-07-03,12.25,12.08,12.41,12.07,44673.0,44673.0
2024-07-04,12.2,12.1,12.35,12.01,46566.0,46566.0
2024-07-05,12.03,12.08,12.37,11.61,65559.0,65559.0
2024-07-08,12.0,11.6,12.0,11.55,43716.0,43716.0
2024-07-09,11.59,11.64,11.73,11.23,64272.0,64272.0
2024-07-10,11.58,11.6,11.85,11.52,42656.0,42656.0
2024-07-11,11.79,11.88,11.95,11.7,63073.0,63073.0
2024-07-12,11.88,11.68,11.88,11.63,44079.0,44079.0
2024-07-15,11.68,11.62,11.88,11.29,56437.0,56437.0
2024-07-16,11.5,11.41,11.55,11.36,41815.0,41815.0
2024-07-17,11.38,11.18,11.38,11.15,38366.0,38366.0
2024-07-18,11.25,11.36,11.53,11.15,55731.0,55731.0
2024-07-19,11.19,11.23,11.31,11.16,45522.0,45522.0
2024-07-22,11.23,11.34,11.5,11.18,46528.0,46528.0
2024-07-23,11.4,11.17,11.46,11.16,45933.0,45933.0
2024-07-24,11.05,10.68,11.16,10.59,57102.0,57102.0
2024-07-25,10.55,10.54,10.71,10.41,32506.0,32506.0
2024-07-26,10.7,10.85,10.86,10.61,45327.0,45327.0
2024-07-29,10.8,10.86,10.94,10.71,30244.0,30244.0
2024-07-30,10.94,10.76,10.95,10.68,41228.0,41228.0
2024-07-31,10.75,11.29,11.38,10.73,83250.0,83250.0
2024-08-01,11.2,11.43,11.66,11.19,94483.0,94483.0
2024-08-02,11.39,11.14,11.39,11.13,53974.0,53974.0
2024-08-05,11.01,10.76,11.2,10.75,48952.0,48952.0
2024-08-06,10.86,10.86,10.99,10.72,33902.0,33902.0
2024-08-07,10.86,10.85,11.01,10.84,25430.0,25430.0
2024-08-08,10.77,10.7,10.85,10.56,35453.0,35453.0
2024-08-09,10.69,10.55,10.83,10.54,26710.0,26710.0
2024-08-12,10.57,10.31,10.61,10.26,27147.0,27147.0
2024-08-13,10.3,10.33,10.4,10.16,20572.0,20572.0
2024-08-14,10.39,10.31,10.41,10.26,23410.0,23410.0
2024-08-15,10.31,10.43,10.5,10.19,34204.0,34204.0
2024-08-16,10.47,10.42,10.52,10.39,25720.0,25720.0
2024-08-19,10.42,10.21,10.47,10.2,36147.0,36147.0
2024-08-20,10.15,10.1,10.24,9.95,34756.0,34756.0
2024-08-21,10.03,10.23,10.49,10.01,46733.0,46733.0
2024-08-22,10.23,9.86,10.36,9.85,41321.0,41321.0
2024-08-23,9.92,9.87,9.95,9.71,24705.0,24705.0
2024-08-26,9.91,10.01,10.05,9.85,24977.0,24977.0
2024-08-27,9.95,9.89,10.17,9.85,27403.0,27403.0
2024-08-28,9.78,10.0,10.12,9.78,31844.0,31844.0
2024-08-29,9.91,10.17,10.19,9.91,34092.0,34092.0
2024-08-30,10.13,10.29,10.43,10.08,42608.0,42608.0
2024-09-02,10.25,10.12,10.35,10.11,29497.0,29497.0
2024-09-03,10.1,10.23,10.3,10.08,25038.0,25038.0
2024-09-04,10.22,10.3,10.37,10.18,29408.0,29408.0
2024-09-05,10.25,10.3,10.38,10.25,21944.0,21944.0
2024-09-06,10.3,10.03,10.3,10.02,28012.0,28012.0
2024-09-09,9.99,10.06,10.1,9.83,21044.0,21044.0
2024-09-10,10.1,10.09,10.15,9.86,23791.0,23791.0
2024-09-11,10.13,10.05,10.19,9.98,17585.0,17585.0
2024-09-12,9.98,9.87,10.16,9.86,27459.0,27459.0
2024-09-13,9.9,9.66,9.93,9.66,26319.0,26319.0
2024-09-18,9.66,9.66,9.74,9.47,18972.0,18972.0
2024-09-19,9.66,9.88,9.93,9.66,30703.0,30703.0
2024-09-20,9.87,9.82,9.9,9.77,17030.0,17030.0
2024-09-23,9.83,9.86,9.87,9.72,18643.0,18643.0
2024-09-24,9.9,10.16,10.16,9.8,43103.0,43103.0
2024-09-25,10.2,10.23,10.44,10.18,46757.0,46757.0
2024-09-26,10.14,10.57,10.57,10.12,60980.0,60980.0
2024-09-27,10.68,11.0,11.0,10.6,60784.0,60784.0
2024-09-30,11.35,11.91,11.98,11.0,162206.0,162206.0
2024-10-08,13.03,12.4,13.1,11.7,191562.0,191562.0
2024-10-09,12.22,11.16,12.22,11.16,105164.0,105164.0
2024-10-10,11.06,11.18,11.48,10.98,74246.0,74246.0
2024-10-11,11.2,11.62,12.3,10.71,182363.0,182363.0
2024-10-14,11.11,11.53,11.54,11.05,130742.0,130742.0
2024-10-15,11.49,11.28,11.49,11.2,81000.0,81000.0
2024-10-16,11.12,11.07,11.23,11.0,56699.0,56699.0
2024-10-17,11.06,10.93,11.17,10.9,48471.0,48471.0
2024-10-18,10.9,11.19,11.28,10.89,79973.0,79973.0
2024-10-21,11.2,11.25,11.31,11.12,79090.0,79090.0
2024-10-22,11.25,11.72,12.11,11.15,157321.0,157321.0
2024-10-23,11.69,11.55,11.76,11.43,95621.0,95621.0
2024-10-24,11.45,11.35,11.63,11.34,66573.0,66573.0
2024-10-25,11.35,11.55,11.55,11.33,67855.0,67855.0
2024-10-28,11.5,11.74,11.74,11.47,69597.0,69597.0
2024-10-29,11.75,11.44,11.84,11.41,79019.0,79019.0
2024-10-30,11.35,11.59,11.76,11.28,92346.0,92346.0
2024-10-31,11.55,11.8,11.88,11.48,103803.0,103803.0
2024-11-01,11.8,12.24,12.74,11.66,237537.0,237537.0
2024-11-04,12.62,13.46,13.46,12.62,322722.0,322722.0
2024-11-05,13.35,14.19,14.81,12.79,433709.0,433709.0
2024-11-06,13.65,13.58,14.13,13.5,264830.0,264830.0
2024-11-07,13.33,13.3,13.42,13.01,174873.0,174873.0
2024-11-08,13.4,13.82,14.47,13.11,254993.0,254993.0
2024-11-11,13.59,14.11,14.13,13.32,197972.0,197972.0
2024-11-12,14.2,13.55,14.2,13.41,132030.0,132030.0
2024-11-13,13.55,13.53,13.8,13.2,82642.0,82642.0
2024-11-14,13.64,12.94,13.64,12.9,65831.0,65831.0
2024-11-15,13.0,12.61,13.2,12.6,69622.0,69622.0
2024-11-18,12.59,12.07,12.7,11.89,80263.0,80263.0
2024-11-19,12.07,12.48,12.48,12.03,64292.0,64292.0
2024-11-20,12.45,12.99,13.1,12.32,97654.0,97654.0
2024-11-21,12.84,12.83,13.2,12.74,74498.0,74498.0
2024-11-22,12.86,12.25,13.03,12.23,75790.0,75790.0
2024-11-25,12.16,12.5,12.58,12.14,61272.0,61272.0
2024-11-26,12.4,12.2,12.58,12.18,57932.0,57932.0
2024-11-27,12.05,12.35,12.35,11.79,51409.0,51409.0
2024-11-28,12.35,12.19,12.35,12.16,40789.0,40789.0
2024-11-29,12.17,12.64,12.81,12.07,95244.0,95244.0
2024-12-02,12.67,13.56,13.9,12.61,220045.0,220045.0
2024-12-03,13.56,13.31,13.56,13.1,128017.0,128017.0
2024-12-04,13.32,13.5,13.79,13.23,155307.0,155307.0
2024-12-05,13.78,13.56,13.85,13.35,125834.0,125834.0
2024-12-06,13.77,13.66,13.97,13.45,164598.0,164598.0
2024-12-09,13.48,13.45,13.67,13.33,99087.0,99087.0
2024-12-10,13.8,13.57,13.84,13.52,145957.0,145957.0
2024-12-11,13.54,13.52,13.54,13.26,82378.0,82378.0
2024-12-12,13.4,13.26,13.52,13.13,75333.0,75333.0
2024-12-13,13.26,12.86,13.26,12.86,82464.0,82464.0
2024-12-16,12.86,12.78,12.95,12.68,47665.0,47665.0
2024-12-17,12.68,12.22,12.85,12.21,51710.0,51710.0
2024-12-18,12.25,12.2,12.38,12.03,41776.0,41776.0
2024-12-19,12.06,12.15,12.24,12.0,40402.0,40402.0
2024-12-20,12.1,12.35,12.52,12.1,53631.0,53631.0
2024-12-23,12.35,11.48,12.38,11.47,70686.0,70686.0
2024-12-24,11.66,12.63,12.63,11.59,78030.0,78030.0
2024-12-25,12.9,12.79,13.1,12.5,209830.0,209830.0
2024-12-26,12.59,12.85,12.98,12.37,134691.0,134691.0
2024-12-27,13.03,12.87,13.25,12.81,111619.0,111619.0
2024-12-30,12.8,12.31,12.93,12.28,80211.0,80211.0
2024-12-31,12.3,11.78,12.38,11.74,69136.0,69136.0
2025-01-02,11.73,11.39,11.93,11.24,68853.0,68853.0
2025-01-03,11.41,10.59,11.49,10.57,76498.0,76498.0
2025-01-06,10.52,10.47,10.68,10.18,39855.0,39855.0
2025-01-07,10.66,10.77,10.77,10.46,40893.0,40893.0
2025-01-08,10.67,10.88,10.97,10.34,51596.0,51596.0
2025-01-09,10.87,11.15,11.38,10.74,76705.0,76705.0
2025-01-10,11.16,10.83,11.36,10.81,58359.0,58359.0
2025-01-13,10.67,11.03,11.2,10.56,51735.0,51735.0
2025-01-14,11.03,11.66,11.67,11.03,69579.0,69579.0
2025-01-15,11.66,11.63,11.78,11.54,43972.0,43972.0
2025-01-16,11.69,11.58,11.98,11.5,42067.0,42067.0
2025-01-17,11.53,11.63,12.35,11.5,61158.0,61158.0
2025-01-20,11.73,11.69,11.84,11.58,38435.0,38435.0
2025-01-21,11.84,11.77,11.97,11.61,33401.0,33401.0
2025-01-22,11.67,11.6,11.85,11.54,34612.0,34612.0
2025-01-23,11.69,11.5,11.81,11.35,54139.0,54139.0
2025-01-24,11.54,11.75,11.77,11.4,45202.0,45202.0
2025-01-27,11.76,11.49,11.88,11.43,36848.0,36848.0
2025-02-05,11.49,11.72,11.75,11.49,29370.0,29370.0
2025-02-06,11.71,12.12,12.14,11.61,53468.0,53468.0
2025-02-07,12.13,12.08,12.21,11.93,60978.0,60978.0
2025-02-10,11.95,12.11,12.13,11.9,50628.0,50628.0
2025-02-11,12.12,12.04,12.14,11.95,36170.0,36170.0
2025-02-12,12.1,12.29,12.35,11.98,79216.0,79216.0
2025-02-13,12.25,12.0,12.42,11.98,55838.0,55838.0
2025-02-14,11.98,11.9,12.15,11.84,43313.0,43313.0
2025-02-17,11.87,12.03,12.04,11.87,38895.0,38895.0
2025-02-18,11.98,12.87,13.23,11.92,290150.0,290150.0
2025-02-19,12.48,13.41,13.76,12.41,352041.0,352041.0
2025-02-20,13.1,13.04,13.21,12.88,185373.0,185373.0
2025-02-21,12.96,13.19,13.46,12.91,178476.0,178476.0
2025-02-24,13.27,12.99,13.36,12.93,134794.0,134794.0
2025-02-25,12.87,13.09,13.2,12.77,110121.0,110121.0
2025-02-26,13.14,14.4,14.4,13.1,270577.0,270577.0
2025-02-27,14.45,13.9,14.66,13.61,321232.0,321232.0
2025-02-28,13.83,13.93,14.31,13.28,294070.0,294070.0
2025-03-03,13.8,13.8,14.29,13.47,214985.0,214985.0
2025-03-04,13.59,14.31,14.85,13.42,270889.0,270889.0
2025-03-05,13.95,14.88,15.55,13.95,315818.0,315818.0
2025-03-06,14.74,14.75,15.4,14.62,318505.0,318505.0
2025-03-07,14.6,14.66,15.09,14.44,194627.0,194627.0
2025-03-10,14.68,15.01,15.24,14.45,233068.0,233068.0
2025-03-11,14.66,15.5,15.99,14.59,260229.0,260229.0
2025-03-12,15.4,15.26,15.59,15.18,213400.0,213400.0
2025-03-13,15.08,14.28,15.48,14.03,209054.0,209054.0
2025-03-14,14.06,15.71,15.71,13.55,273138.0,273138.0
2025-03-17,16.34,15.68,16.59,15.59,488280.0,488280.0
2025-03-18,15.68,16.2,16.42,15.3,395335.0,395335.0
2025-03-19,16.0,16.88,17.51,15.87,434665.0,434665.0
2025-03-20,16.77,18.57,18.57,16.67,168105.0,168105.0
2025-03-21,19.98,20.43,20.43,19.11,652797.0,652797.0
2025-03-24,19.18,18.58,19.91,18.39,441752.0,441752.0
2025-03-25,18.39,16.73,19.49,16.72,411561.0,411561.0
2025-03-26,15.8,16.3,17.28,15.8,331385.0,331385.0
2025-03-27,16.09,16.31,17.28,15.69,349416.0,349416.0
2025-03-28,15.99,15.13,16.55,15.09,298995.0,298995.0
2025-03-31,15.13,15.0,15.13,14.47,206050.0,206050.0
2025-04-01,15.13,14.6,15.18,14.54,157803.0,157803.0
2025-04-02,14.68,15.04,15.3,14.5,228320.0,228320.0
2025-04-03,14.79,14.61,15.57,14.6,184913.0,184913.0
2025-04-07,13.51,13.15,13.94,13.15,97803.0,97803.0
2025-04-08,12.88,11.9,13.12,11.84,241724.0,241724.0
2025-04-09,11.56,13.09,13.09,11.01,219727.0,219727.0
2025-04-10,13.35,13.54,14.1,13.12,284986.0,284986.0
2025-04-11,13.54,13.69,13.99,13.33,209250.0,209250.0
2025-04-14,13.9,13.91,14.3,13.79,186856.0,186856.0
2025-04-15,14.1,13.89,14.26,13.6,167999.0,167999.0
2025-04-16,13.8,13.83,14.21,13.41,185065.0,185065.0
2025-04-17,13.55,13.53,13.96,13.52,147056.0,147056.0
2025-04-18,13.54,13.35,13.65,13.29,100110.0,100110.0
2025-04-21,13.35,13.92,14.08,13.25,139640.0,139640.0
2025-04-22,14.08,13.74,14.2,13.69,89986.0,89986.0
2025-04-23,13.95,15.11,15.11,13.86,244498.0,244498.0
2025-04-24,15.11,14.73,15.36,14.67,335531.0,335531.0
2025-04-25,14.73,14.74,14.96,14.48,191245.0,191245.0
2025-04-28,14.67,14.18,14.7,14.16,119555.0,119555.0
2025-04-29,14.27,14.6,14.85,14.15,185827.0,185827.0
2025-04-30,14.6,15.21,15.46,14.5,255100.0,255100.0
2025-05-06,15.3,15.92,15.99,15.19,298506.0,298506.0
2025-05-07,16.1,15.78,16.25,15.55,284834.0,284834.0
2025-05-08,15.76,15.79,16.08,15.67,161395.0,161395.0
2025-05-09,15.66,15.57,15.86,15.27,159060.0,159060.0
2025-05-12,15.83,15.99,16.47,15.8,212909.0,212909.0
2025-05-13,16.1,15.62,16.11,15.59,124813.0,124813.0
2025-05-14,15.63,15.68,15.95,15.57,135401.0,135401.0
2025-05-15,15.66,15.43,15.72,15.2,101718.0,101718.0
2025-05-16,15.28,15.42,15.65,15.16,124550.0,124550.0
2025-05-19,15.45,15.98,16.27,14.95,231184.0,231184.0
2025-05-20,15.93,16.22,16.58,15.58,294208.0,294208.0
2025-05-21,16.1,15.94,16.26,15.87,150666.0,150666.0
2025-05-22,15.85,15.46,16.17,15.43,132681.0,132681.0
2025-05-23,15.43,15.2,16.45,15.2,203976.0,203976.0
2025-05-26,15.29,15.19,15.32,14.9,145605.0,145605.0
2025-05-27,15.19,16.71,16.71,14.92,368588.0,368588.0
2025-05-28,16.92,17.27,17.95,16.73,524222.0,524222.0
2025-05-29,17.12,17.45,17.65,16.99,387739.0,387739.0
2025-05-30,17.3,16.85,17.49,16.71,249610.0,249610.0
2025-06-03,16.51,16.95,17.09,16.51,200574.0,200574.0
2025-06-04,16.85,16.88,17.2,16.65,160120.0,160120.0
2025-06-05,16.87,17.57,17.7,16.54,287274.0,287274.0
2025-06-06,17.5,17.1,17.5,16.9,167744.0,167744.0
2025-06-09,17.04,17.2,17.57,16.92,142776.0,142776.0
2025-06-10,17.21,16.41,17.21,16.01,207506.0,207506.0
2025-06-11,16.78,16.44,16.92,16.38,138870.0,138870.0
2025-06-12,16.16,16.2,16.52,16.02,110947.0,110947.0
2025-06-13,16.1,15.27,16.1,15.25,153424.0,153424.0
2025-06-16,15.0,15.17,15.31,15.0,68964.0,68964.0
2025-06-17,15.18,14.99,15.24,14.83,87851.0,87851.0
2025-06-18,14.9,14.83,14.94,14.6,81592.0,81592.0
2025-06-19,14.79,14.62,15.12,14.6,101725.0,101725.0
2025-06-20,14.5,14.59,14.78,14.31,71768.0,71768.0
2025-06-23,14.4,15.01,15.09,14.35,93811.0,93811.0
2025-06-24,15.24,15.56,15.78,15.2,150581.0,150581.0
2025-06-25,15.5,15.84,16.24,15.4,146843.0,146843.0
2025-06-26,15.8,15.82,16.18,15.7,132778.0,132778.0
2025-06-27,15.88,16.45,16.84,15.81,207278.0,207278.0
2025-06-30,16.0,16.35,16.58,16.0,146986.0,146986.0
2025-07-01,16.15,16.0,16.48,15.9,135189.0,135189.0
2025-07-02,16.29,16.07,16.55,15.98,105941.0,105941.0
2025-07-03,16.03,16.54,16.83,15.99,186194.0,186194.0
2025-07-04,16.51,16.35,16.6,16.22,94474.0,94474.0
2025-07-07,16.26,16.63,16.75,16.15,97066.0,97066.0
2025-07-08,16.61,16.68,17.1,16.4,134044.0,134044.0
2025-07-09,17.99,17.46,18.35,16.91,374474.0,374474.0
2025-07-10,16.8,17.45,18.02,16.5,267731.0,267731.0
2025-07-11,17.22,17.14,17.88,17.06,191423.0,191423.0
2025-07-14,17.06,18.85,18.85,16.73,450511.0,450511.0
2025-07-15,18.28,18.52,19.01,18.02,337906.0,337906.0
2025-07-16,18.52,18.08,18.99,18.08,229240.0,229240.0
2025-07-17,17.8,18.64,19.35,17.68,253121.0,253121.0
2025-07-18,18.48,18.59,18.88,18.41,144863.0,144863.0
2025-07-21,18.63,18.19,19.39,18.15,198325.0,198325.0
2025-07-22,18.21,17.44,18.29,17.35,219471.0,219471.0
2025-07-23,17.51,17.18,17.53,17.15,112884.0,112884.0
2025-07-24,17.17,17.23,17.4,17.15,80893.0,80893.0
2025-07-25,17.17,17.51,17.6,17.05,119259.0,119259.0
2025-07-28,17.55,17.6,17.88,17.37,114452.0,114452.0
2025-07-29,17.5,17.44,17.7,17.29,73130.0,73130.0
2025-07-30,17.45,19.18,19.18,17.25,322011.0,322011.0
2025-07-31,18.94,18.1,19.24,17.9,329472.0,329472.0
2025-08-01,18.11,19.91,19.91,17.61,332567.0,332567.0
2025-08-04,20.3,21.9,21.9,20.3,134945.0,134945.0
2025-08-05,24.09,24.09,24.09,23.12,127071.0,127071.0
2025-08-06,26.0,26.5,26.5,25.0,271342.0,271342.0
2025-08-07,29.15,29.15,29.15,28.35,79160.0,79160.0
2025-08-08,30.08,29.77,31.79,28.33,599111.0,599111.0
2025-08-11,29.81,30.18,31.5,29.0,505249.0,505249.0
2025-08-12,29.71,31.9,32.81,28.98,536236.0,536236.0
2025-08-13,30.78,35.09,35.09,29.5,539978.0,539978.0
2025-08-14,34.08,32.65,34.97,31.6,511448.0,511448.0
2025-08-15,32.0,32.05,32.47,30.5,448685.0,448685.0
2025-08-18,31.5,31.74,32.21,30.58,378167.0,378167.0
2025-08-19,31.15,31.76,33.98,30.8,463594.0,463594.0
2025-08-20,30.86,31.44,33.45,30.23,322148.0,322148.0
2025-08-21,30.6,31.55,32.26,29.01,356568.0,356568.0
2025-08-22,31.8,32.0,33.86,31.67,365711.0,365711.0
2025-08-25,31.83,33.57,34.18,31.82,378505.0,378505.0
2025-08-26,32.68,36.93,36.93,32.68,265916.0,265916.0
2025-08-27,38.78,33.97,40.62,33.97,560557.0,560557.0
2025-08-28,33.96,31.86,34.43,31.26,380428.0,380428.0
2025-08-29,31.1,28.88,31.4,28.77,394121.0,394121.0
2025-09-01,28.88,29.25,29.65,28.77,279385.0,
2025-09-02,29.2,30.32,30.94,28.25,384017.0,
2025-09-03,29.9,29.02,30.88,28.9,260093.0,
2025-09-04,28.4,26.97,28.77,26.39,258335.0,
2025-09-05,26.96,28.18,28.45,26.81,204686.0,
2025-09-08,28.1,28.59,29.1,27.78,160675.0,
2025-09-09,29.0,31.45,31.45,28.41,435390.0,
2025-09-10,31.14,30.51,32.44,30.2,424393.0,
2025-09-11,30.16,30.14,30.88,29.63,282893.0,
2025-09-12,29.98,29.7,30.78,29.68,223405.0,
2025-09-15,29.4,29.97,30.64,29.38,197645.0,
2025-09-16,29.73,30.28,30.68,29.37,236600.0,
2025-09-17,30.36,29.79,30.58,29.76,190191.0,
2025-09-18,29.48,30.63,31.8,29.4,336105.0,
2025-09-19,29.98,32.42,33.5,29.7,422464.0,
2025-09-22,32.04,34.52,35.0,31.82,383036.0,
2025-09-23,33.49,32.81,34.49,32.07,299128.0,
2025-09-24,32.01,29.53,32.15,29.53,322180.0,
2025-09-25,28.25,27.87,29.27,27.82,222970.0,
2025-09-26,27.49,27.5,28.55,27.49,146374.0,
2025-09-29,27.48,27.37,27.8,27.03,108671.0,
2025-09-30,27.45,27.13,27.51,27.11,90995.0,
2025-10-09,27.2,27.81,28.1,26.96,105352.0,
2025-10-10,27.86,28.55,29.0,27.61,158377.0,
2025-10-13,26.95,27.74,28.15,26.91,105899.0,
2025-10-14,27.7,27.91,29.0,27.6,111902.0,
2025-10-15,27.83,27.81,28.18,27.28,100307.0,
2025-10-16,27.59,27.05,27.74,27.0,90050.0,
2025-10-17,26.99,24.36,26.99,24.35,175718.0,
2025-10-20,25.0,25.29,25.87,25.0,157103.0,
2025-10-21,25.42,25.89,25.94,24.75,134012.0,
2025-10-22,25.85,25.51,26.43,25.46,115430.0,
2025-10-23,25.41,25.15,25.52,24.66,91419.0,
2025-10-24,25.1,25.35,25.69,25.1,76035.0,
2025-10-27,25.65,25.46,25.9,25.31,65115.0,
2025-10-28,25.2,25.65,25.8,25.2,69240.0,
2025-10-29,26.0,25.84,26.43,25.71,116354.0,
2025-10-30,25.64,25.84,26.4,25.5,124531.0,
2025-10-31,25.8,26.96,27.1,25.63,212338.0,
2025-11-03,27.5,28.19,29.03,26.7,265925.0,
2025-11-04,27.55,29.87,30.55,27.21,364863.0,
2025-11-05,28.98,28.01,29.33,27.88,271377.0,
2025-11-06,27.87,26.02,27.87,26.0,230743.0,
2025-11-07,25.86,25.58,26.22,25.57,131913.0,
2025-11-10,25.38,25.3,25.55,25.11,95279.0,
2025-11-11,25.33,25.66,25.8,25.11,115506.0,
2025-11-12,25.49,24.4,25.51,24.33,113633.0,
2025-11-13,24.29,24.53,24.55,24.1,33379.0,
2025-11-14,24.2,23.91,24.49,23.91,76321.0,
2025-11-17,24.11,24.1,24.16,23.75,57334.0,
2025-11-18,24.05,23.58,24.05,23.45,66245.0,
2025-11-19,23.58,23.25,23.66,23.06,51641.0,
2025-11-20,23.29,22.98,23.46,22.97,48143.0,
2025-11-21,22.7,22.28,22.98,22.08,73473.0,
2025-11-24,22.31,22.86,22.96,22.16,62188.0,
2025-11-25,22.86,23.08,23.24,22.86,47127.0,
2025-11-26,23.0,22.94,23.39,22.88,53908.0,
2025-11-27,22.94,23.06,23.25,22.9,40246.0,
2025-11-28,23.0,23.36,23.37,22.79,50723.0,
2025-12-01,23.35,23.57,23.8,23.26,51585.0,
2025-12-02,24.02,23.32,24.2,23.2,67755.0,
2025-12-03,23.58,23.01,23.58,22.87,50165.0,
2025-12-04,23.01,23.09,23.45,22.81,52310.0,
2025-12-05,23.0,23.41,23.43,22.83,47987.0,
2025-12-08,23.6,23.76,23.82,23.31,60801.0,
2025-12-09,23.61,23.65,23.91,23.54,45981.0,
2025-12-10,23.77,23.94,24.1,23.42,70464.0,
2025-12-11,23.74,23.3,23.88,23.29,50708.0,
2025-12-12,23.51,23.21,23.58,23.06,37705.0,
2025-12-15,23.21,23.33,23.75,22.98,51286.0,
2025-12-16,23.4,23.63,23.93,23.25,106847.0,
2025-12-17,23.3,23.07,23.8,22.58,108637.0,
2025-12-18,22.98,22.85,23.45,22.81,59417.0,
2025-12-19,22.95,23.33,23.57,22.88,68550.0,
2025-12-22,23.51,23.77,23.9,23.48,65128.0,
2025-12-23,23.76,22.88,23.76,22.77,85132.0,
2025-12-24,22.89,23.29,23.35,22.79,53342.0,
2025-12-25,23.31,23.85,23.96,23.2,84512.0,
2025-12-26,23.9,23.55,23.95,23.43,68859.0,
2025-12-29,23.45,23.82,23.98,23.39,72516.0,
2025-12-30,23.65,24.98,25.27,23.59,218516.0,
2025-12-31,24.88,24.05,24.88,24.03,172724.0,
2026-01-05,23.83,23.6,23.92,23.45,115010.0,
2026-01-06,23.58,24.29,24.75,23.53,153682.0,
2026-01-07,24.28,23.68,24.37,23.56,114418.0,
2026-01-08,23.61,24.03,24.29,23.56,112425.0,
2026-01-09,24.04,24.14,24.24,23.84,85751.0,
2026-01-12,24.15,24.67,24.77,24.05,124761.0,
2026-01-13,24.69,24.16,25.08,24.12,120279.0,
2026-01-14,24.09,23.99,24.56,23.66,108522.0,
2026-01-15,23.9,23.56,24.14,23.36,77396.0,
2026-01-16,23.56,24.29,24.38,23.56,118457.0,
2026-01-19,24.55,24.66,25.0,24.2,119420.0,
2026-01-20,24.0,23.83,24.34,23.5,131966.0,
2026-01-21,23.6,23.81,24.03,22.92,83295.0,
2026-01-22,23.97,23.24,23.97,23.11,90801.0,
2026-01-23,23.6,23.9,24.16,23.31,119224.0,
2026-01-26,23.6,22.61,24.13,22.33,152452.0,
2026-01-27,22.48,21.92,22.49,21.4,92893.0,
2026-01-28,21.9,21.42,22.07,21.4,60926.0,
2026-01-29,21.4,21.09,21.68,20.91,57108.0,
2026-01-30,21.1,21.39,21.45,20.93,45344.0,
2026-02-02,21.45,21.01,21.54,20.99,37965.0,
2026-02-03,21.09,21.45,21.45,21.05,37985.0,
2026-02-04,21.46,21.51,21.69,21.34,33086.0,
2026-02-05,21.52,21.33,21.56,21.31,26335.0,
2026-02-06,21.31,21.5,21.67,21.14,36240.0,
2026-02-09,21.67,21.55,21.67,21.51,30377.0,
2026-02-10,21.56,21.6,21.78,21.42,28318.0,
2026-02-11,21.44,21.45,21.6,21.44,22888.0,
2026-02-12,21.49,21.3,21.57,21.25,28196.0,
2026-02-13,21.31,21.56,21.7,21.21,33042.0,
2026-02-24,21.75,21.51,21.78,21.44,28778.0,
2026-02-25,21.51,21.49,21.59,21.37,25858.0,
2026-02-26,21.55,21.27,21.56,21.2,32296.0,
2026-02-27,21.3,21.13,21.39,21.06,29598.0,
2026-03-02,20.78,20.37,21.01,20.31,56136.0,
2026-03-03,20.33,19.56,20.49,19.52,51038.0,
2026-03-04,19.43,19.53,19.79,19.2,27935.0,
2026-03-05,19.78,19.74,19.9,19.61,24807.0,
2026-03-06,19.74,19.9,19.95,19.68,21794.0,
2026-03-09,19.75,19.65,19.77,19.31,32543.0,
2026-03-10,19.8,20.01,20.05,19.76,24948.0,
2026-03-11,20.01,19.81,20.07,19.76,22303.0,
2026-03-12,19.72,19.46,19.89,19.43,25271.0,
2026-03-13,19.32,19.29,19.64,19.26,20274.0,
2026-03-16,19.29,19.42,19.43,19.22,20556.0,
2026-03-17,19.5,19.19,19.62,19.18,25716.0,
2026-03-18,19.2,19.23,19.28,18.99,24852.0,
2026-03-19,19.0,18.83,19.13,18.75,26478.0,
2026-03-20,18.89,18.35,19.0,18.35,28096.0,
2026-03-23,18.07,17.63,18.42,17.54,47193.0,
2026-03-24,17.94,18.17,18.19,17.71,41597.0,
2026-03-25,18.17,18.5,18.51,18.15,26504.0,
2026-03-26,18.49,18.28,18.68,18.24,21767.0,
2026-03-27,18.11,18.39,18.4,18.11,15199.0,
2026-03-30,18.07,18.71,18.79,18.07,38330.0,
2026-03-31,18.65,18.83,19.25,18.65,51093.0,
2026-04-01,19.0,18.91,19.03,18.7,29060.0,
2026-04-02,18.57,18.59,18.92,18.53,25927.0,
2026-04-03,18.6,18.12,18.66,18.12,22914.0,
2026-04-07,18.2,18.22,18.34,18.03,17994.0,
2026-04-08,18.5,18.8,18.8,18.42,25517.0,
2026-04-09,18.58,18.51,18.79,18.43,20175.0,
2026-04-10,18.8,18.76,18.91,18.58,20797.0,
2026-04-13,18.76,18.62,18.76,18.53,18603.0,
2026-04-14,18.62,18.64,18.75,18.45,19228.0,
2026-04-15,18.64,18.5,18.77,18.46,19597.0,
2026-04-16,18.65,18.75,18.82,18.5,28871.0,
2026-04-17,18.75,18.68,18.77,18.46,30380.0,
2026-04-20,18.88,18.87,18.99,18.57,27768.0,
2026-04-21,18.87,18.63,18.88,18.47,28640.0,
2026-04-22,18.6,18.94,19.08,18.48,42157.0,
2026-04-23,18.81,18.58,18.93,18.46,47105.0,
2026-04-24,18.51,18.73,18.96,18.36,43236.0,
2026-04-27,18.72,19.15,19.22,18.27,72648.0,
2026-04-28,19.19,19.32,20.44,18.69,135225.0,
2026-04-29,19.1,19.24,19.47,18.72,110301.0,
2026-04-30,19.24,19.41,19.69,19.15,78814.0,
2026-05-06,19.58,20.35,20.84,19.34,177133.0,
2026-05-07,20.05,20.11,20.49,20.05,123439.0,
2026-05-08,20.11,20.68,20.85,19.82,144598.0,
2026-05-11,20.61,20.33,20.63,20.18,104395.0,
2026-05-12,20.25,19.83,20.28,19.8,77563.0,
2026-05-13,19.83,19.6,19.83,19.45,62927.0,
2026-05-14,19.62,19.67,20.08,19.19,84923.0,
2026-05-15,19.51,21.64,21.64,19.5,146158.0,
2026-05-18,22.0,22.66,23.8,21.5,370200.0,
2026-05-19,22.2,23.02,23.26,21.85,264096.0,
2026-05-20,22.75,22.13,23.44,22.1,190233.0,
2026-05-21,22.21,24.34,24.34,21.67,267040.0,
2026-05-22,25.24,24.92,25.5,23.82,445284.0,
2026-05-25,24.0,22.9,24.5,22.47,292706.0,
2026-05-26,22.5,23.65,23.95,22.4,246189.0,
2026-05-27,22.6,21.29,22.66,21.29,205137.0,
2026-05-28,20.55,19.18,20.57,19.16,206401.0,
2026-05-29,19.09,17.92,19.1,17.81,150826.0,
2026-06-01,17.87,17.96,18.41,17.6,103908.0,
2026-06-02,18.0,17.17,18.4,17.04,113224.0,
2026-06-03,17.1,16.9,17.37,16.7,97723.0,
2026-06-04,16.75,16.89,17.36,16.71,88500.0,
2026-06-05,16.9,17.63,18.07,16.09,167417.0,
2026-06-08,17.0,17.35,17.75,16.85,102083.0,
2026-06-09,17.48,16.97,17.48,16.72,81951.0,
2026-06-10,16.67,16.3,16.82,16.12,71655.0,
2026-06-11,16.0,15.86,16.26,15.74,64673.0,
2026-06-12,16.22,15.92,16.3,15.83,61710.0,
2026-06-15,15.83,16.17,16.28,15.83,47865.0,
2026-06-16,16.2,16.33,16.5,15.87,55143.0,
2026-06-17,16.2,15.7,16.25,15.67,60731.0,
2026-06-18,15.75,15.71,15.93,15.38,53184.0,
2026-06-22,15.63,15.33,15.64,14.85,71705.0,
2026-06-23,15.33,15.87,16.86,15.1,163650.0,
2026-06-24,16.07,15.37,16.12,15.23,112463.0,
2026-06-25,15.33,14.81,15.44,14.7,72529.0,
2026-06-26,14.66,14.28,14.95,14.27,64116.0,
2026-06-29,14.17,14.05,14.48,13.78,59987.0,
2026-06-30,14.11,14.22,14.37,13.9,51555.0,
2026-07-01,14.18,14.72,15.15,14.15,67146.0,
2026-07-02,14.78,14.83,15.66,14.72,72128.0,
2026-07-03,14.89,15.8,16.26,14.85,142068.0,
2026-07-06,15.77,15.61,16.2,15.41,106991.0,
2026-07-07,15.73,14.85,15.96,14.81,87812.0,
2026-07-08,14.85,14.46,14.85,14.31,61478.0,
2026-07-09,14.51,14.32,14.65,13.92,50971.0,
2026-07-10,14.18,14.76,15.19,14.18,83385.0,
2026-07-13,14.5,13.81,14.58,13.78,59096.0,
2026-07-14,13.72,13.83,13.93,13.48,38188.0,
2026-07-15,13.83,14.02,14.29,13.7,39449.0,
2026-07-16,13.98,14.14,14.41,13.79,41892.0,
2026-07-17,14.13,13.46,14.34,13.31,55339.0,
2026-07-20,13.4,13.11,13.79,12.9,57205.0,
2026-07-21,12.99,13.15,13.22,12.41,54313.0,
2026-07-22,13.04,13.0,13.24,12.81,34753.0,
2026-07-23,12.91,13.37,13.38,12.84,35310.0,
2026-07-24,13.29,13.05,13.32,12.97,25240.0,
2026-07-27,13.05,13.45,13.51,13.02,30470.0,
2026-07-28,13.37,13.56,13.79,13.35,29837.0,
2026-07-29,13.51,13.91,13.97,13.51,39225.0,
2026-07-30,13.78,14.07,14.23,13.7,42511.0,
2026-07-31,13.94,14.49,14.59,13.93,49436.0,
2026-08-03,14.54,15.07,15.07,14.5,61207.0,
2026-08-04,15.15,14.98,15.25,14.7,56442.0,
2026-08-05,14.97,15.07,15.17,14.89,51270.0,
2026-08-06,15.07,14.98,15.18,14.78,40414.0,
2026-08-07,14.89,14.95,15.01,14.65,36714.0,
2026-08-10,15.0,15.18,15.18,14.71,32763.0,
2026-08-11,15.25,15.21,15.28,14.79,39345.0,
2026-08-12,15.1,15.31,15.41,15.08,27698.0,
2026-08-13,15.31,15.02,15.39,15.02,26387.0,
2026-08-14,15.06,14.95,15.09,14.82,22068.0,
2026-08-17,14.9,15.18,15.2,14.75,28668.0,
