date,open,close,high,low,volume,volume.1
2022-05-06,10.08,10.53,10.55,9.96,20485.0,20485.0
2022-05-09,10.53,10.96,11.1,10.39,20313.0,20313.0
2022-05-10,10.95,11.23,11.31,10.79,18160.0,18160.0
2022-05-11,11.33,11.2,11.58,11.2,22710.0,22710.0
2022-05-12,11.16,11.74,11.79,11.11,32056.0,32056.0
2022-05-13,11.76,11.76,11.99,11.5,20435.0,20435.0
2022-05-16,11.9,11.72,11.96,11.55,14789.0,14789.0
2022-05-17,11.72,11.73,11.73,11.38,16475.0,16475.0
2022-05-18,11.6,11.37,11.68,11.34,13190.0,13190.0
2022-05-19,11.24,11.39,11.43,11.17,16486.0,16486.0
2022-05-20,11.29,11.53,11.55,11.26,12279.0,12279.0
2022-05-23,11.54,11.61,11.67,11.47,8858.0,8858.0
2022-05-24,11.64,11.1,11.72,11.07,11288.0,11288.0
2022-05-25,11.14,11.37,11.4,11.1,9034.0,9034.0
2022-05-26,11.34,11.22,11.43,11.04,8530.0,8530.0
2022-05-27,11.1,11.09,11.35,10.95,12927.0,12927.0
2022-05-30,11.15,11.41,11.49,11.11,15351.0,15351.0
2022-05-31,11.5,11.45,11.53,11.18,11790.0,11790.0
2022-06-01,11.44,11.51,11.66,11.3,19594.0,19594.0
2022-06-02,11.51,11.62,11.68,11.43,14202.0,14202.0
2022-06-06,11.69,11.98,12.07,11.63,21547.0,21547.0
2022-06-07,12.07,11.95,12.12,11.89,14913.0,14913.0
2022-06-08,11.94,12.17,12.22,11.87,23770.0,23770.0
2022-06-09,12.17,12.02,12.3,11.98,21942.0,21942.0
2022-06-10,11.94,12.14,12.21,11.82,12585.0,12585.0
2022-06-13,12.15,13.09,13.35,12.06,59918.0,59918.0
2022-06-14,13.13,13.59,13.98,13.07,73997.0,73997.0
2022-06-15,13.66,13.6,13.75,12.96,46799.0,46799.0
2022-06-16,13.61,13.9,14.15,13.61,39037.0,39037.0
2022-06-17,14.1,14.2,14.49,13.8,44629.0,44629.0
2022-06-20,14.26,14.79,14.84,14.23,58346.0,58346.0
2022-06-21,14.8,14.66,15.12,14.35,51902.0,51902.0
2022-06-22,14.66,14.68,15.0,14.6,31714.0,31714.0
2022-06-23,14.82,14.75,14.95,14.6,22416.0,22416.0
2022-06-24,14.76,14.96,15.14,14.61,38435.0,38435.0
2022-06-27,15.15,14.83,15.15,14.76,30186.0,30186.0
2022-06-28,14.83,14.46,14.94,14.33,46904.0,46904.0
2022-06-29,14.46,13.87,14.46,13.69,37992.0,37992.0
2022-06-30,13.87,14.02,14.25,13.73,30962.0,30962.0
2022-07-01,14.02,14.09,14.16,13.9,17717.0,17717.0
2022-07-04,14.09,14.12,14.23,13.96,15773.0,15773.0
2022-07-05,14.21,14.15,14.27,14.0,24175.0,24175.0
2022-07-06,14.09,13.98,14.18,13.88,14287.0,14287.0
2022-07-07,13.88,14.08,14.14,13.88,15475.0,15475.0
2022-07-08,14.0,13.94,14.48,13.86,35200.0,35200.0
2022-07-11,13.91,13.96,14.12,13.6,37644.0,37644.0
2022-07-12,14.08,14.78,15.09,13.88,65315.0,65315.0
2022-07-13,14.7,15.99,16.25,14.7,86268.0,86268.0
2022-07-14,15.98,16.49,16.65,15.84,66383.0,66383.0
2022-07-15,16.62,16.91,17.66,16.45,88173.0,88173.0
2022-07-18,17.12,17.0,17.48,16.65,48014.0,48014.0
2022-07-19,17.04,16.97,17.29,16.92,29159.0,29159.0
2022-07-20,17.09,17.19,17.23,16.84,29957.0,29957.0
2022-07-21,17.2,17.22,17.45,17.06,27435.0,27435.0
2022-07-22,17.31,17.64,17.94,17.15,55226.0,55226.0
2022-07-25,17.66,17.62,18.29,17.2,49680.0,49680.0
2022-07-26,17.5,17.33,17.61,17.15,32244.0,32244.0
2022-07-27,17.34,17.52,17.93,17.34,38300.0,38300.0
2022-07-28,17.6,17.51,17.77,17.26,41097.0,41097.0
2022-07-29,17.54,17.57,17.76,17.38,26688.0,26688.0
2022-08-01,17.57,18.18,18.35,17.56,52873.0,52873.0
2022-08-02,18.15,17.25,18.4,17.18,57923.0,57923.0
2022-08-03,17.2,16.99,17.99,16.85,49720.0,49720.0
2022-08-04,17.01,17.19,17.48,16.88,28510.0,28510.0
2022-08-05,17.19,17.8,17.83,17.08,31066.0,31066.0
2022-08-08,18.1,17.65,18.4,17.4,51533.0,51533.0
2022-08-09,17.87,16.97,17.94,16.95,57398.0,57398.0
2022-08-10,16.45,17.41,17.87,16.35,100488.0,100488.0
2022-08-11,17.5,18.3,18.44,17.45,80748.0,80748.0
2022-08-12,18.15,18.0,18.51,17.56,54835.0,54835.0
2022-08-15,17.9,17.27,17.9,17.14,38078.0,38078.0
2022-08-16,17.44,17.08,17.57,16.95,28687.0,28687.0
2022-08-17,17.19,16.72,17.19,16.4,35693.0,35693.0
2022-08-18,16.79,16.7,17.05,16.59,23952.0,23952.0
2022-08-19,16.75,16.86,17.15,16.45,46445.0,46445.0
2022-08-22,16.83,17.3,17.75,16.8,57179.0,57179.0
2022-08-23,17.57,17.64,17.83,17.2,48265.0,48265.0
2022-08-24,17.75,17.45,17.99,17.25,43287.0,43287.0
2022-08-25,17.48,16.98,17.65,16.89,33709.0,33709.0
2022-08-26,17.09,17.66,18.05,17.01,51503.0,51503.0
2022-08-29,17.48,17.03,17.57,16.97,43673.0,43673.0
2022-08-30,16.99,16.6,17.1,16.53,22925.0,22925.0
2022-08-31,17.5,16.21,17.94,15.92,55705.0,55705.0
2022-09-01,16.2,16.48,16.64,16.06,35470.0,35470.0
2022-09-02,16.6,16.57,16.7,16.36,14850.0,14850.0
2022-09-05,16.58,16.39,16.67,16.3,15799.0,15799.0
2022-09-06,16.53,16.3,16.55,16.17,16680.0,16680.0
2022-09-07,16.4,16.56,16.89,16.2,25636.0,25636.0
2022-09-08,16.67,16.52,16.78,16.4,15398.0,15398.0
2022-09-09,16.61,16.6,16.65,16.3,21449.0,21449.0
2022-09-13,16.75,16.61,16.75,16.4,12136.0,12136.0
2022-09-14,16.6,16.32,16.6,15.91,26900.0,26900.0
2022-09-15,16.36,15.97,16.5,15.86,22263.0,22263.0
2022-09-16,16.08,15.95,16.3,15.89,15771.0,15771.0
2022-09-19,16.04,15.62,16.14,15.53,23231.0,23231.0
2022-09-20,15.72,15.46,15.73,15.2,21287.0,21287.0
2022-09-21,15.57,15.5,15.68,15.1,15479.0,15479.0
2022-09-22,15.5,15.59,15.67,15.36,11896.0,11896.0
2022-09-23,15.5,15.4,15.56,15.13,17200.0,17200.0
2022-09-26,15.33,15.15,15.38,15.09,7656.0,7656.0
2022-09-27,15.13,15.0,15.3,14.8,20208.0,20208.0
2022-09-28,15.05,14.38,15.15,14.3,15380.0,15380.0
2022-09-29,14.56,15.0,15.36,14.42,22606.0,22606.0
2022-09-30,15.0,14.97,15.25,14.76,10723.0,10723.0
2022-10-10,15.45,15.8,16.02,13.52,34852.0,34852.0
2022-10-11,15.88,15.55,16.0,15.52,16820.0,16820.0
2022-10-12,15.52,16.02,16.02,15.39,19068.0,19068.0
2022-10-13,16.02,16.16,16.3,16.02,15753.0,15753.0
2022-10-14,16.36,16.37,16.48,16.16,14458.0,14458.0
2022-10-17,16.3,16.33,16.62,16.18,13096.0,13096.0
2022-10-18,16.33,16.87,16.9,16.2,23117.0,23117.0
2022-10-19,16.86,16.68,17.28,16.61,20713.0,20713.0
2022-10-20,16.68,16.68,16.88,16.48,17027.0,17027.0
2022-10-21,16.68,16.5,16.78,16.36,9400.0,9400.0
2022-10-24,16.72,16.5,16.8,16.3,15317.0,15317.0
2022-10-25,16.5,16.56,16.81,16.32,17620.0,17620.0
2022-10-26,16.72,16.53,16.81,16.25,17680.0,17680.0
2022-10-27,16.55,16.6,16.75,16.45,12811.0,12811.0
2022-10-28,16.58,16.45,16.6,16.12,11721.0,11721.0
2022-10-31,16.42,16.3,16.47,16.03,13434.0,13434.0
2022-11-01,16.3,16.49,16.69,16.17,21846.0,21846.0
2022-11-02,16.65,16.99,17.28,16.55,30662.0,30662.0
2022-11-03,17.0,16.66,17.1,16.63,15976.0,15976.0
2022-11-04,16.8,16.77,16.93,16.62,19344.0,19344.0
2022-11-07,16.9,16.78,17.13,16.74,18216.0,18216.0
2022-11-08,16.84,17.12,17.31,16.69,22949.0,22949.0
2022-11-09,17.2,17.12,17.27,16.99,10806.0,10806.0
2022-11-10,17.1,16.8,17.14,16.66,20712.0,20712.0
2022-11-11,17.08,16.75,17.18,16.72,17440.0,17440.0
2022-11-14,16.8,16.48,16.91,16.4,16513.0,16513.0
2022-11-15,16.6,16.54,16.63,16.4,14582.0,14582.0
2022-11-16,16.58,16.49,16.65,16.46,7450.0,7450.0
2022-11-17,16.65,16.49,16.67,16.38,8222.0,8222.0
2022-11-18,16.49,16.2,16.52,16.1,13863.0,13863.0
2022-11-21,16.2,16.96,16.98,16.06,21124.0,21124.0
2022-11-22,16.96,17.88,18.29,16.87,68278.0,68278.0
2022-11-23,17.6,17.21,17.8,17.02,40539.0,40539.0
2022-11-24,17.2,18.55,18.87,17.2,91489.0,91489.0
2022-11-25,18.5,18.42,18.69,18.31,40282.0,40282.0
2022-11-28,18.27,18.33,19.2,18.09,62253.0,62253.0
2022-11-29,18.44,17.88,18.44,17.82,59614.0,59614.0
2022-11-30,18.0,18.0,18.52,17.66,39978.0,39978.0
2022-12-01,17.95,18.35,18.65,17.85,40192.0,40192.0
2022-12-02,18.35,18.21,18.79,18.05,29396.0,29396.0
2022-12-05,18.5,18.21,18.54,18.0,19965.0,19965.0
2022-12-06,18.12,18.09,18.31,17.99,15771.0,15771.0
2022-12-07,18.21,18.43,18.57,18.08,29303.0,29303.0
2022-12-08,18.62,18.61,19.15,18.47,48020.0,48020.0
2022-12-09,18.58,18.06,18.58,18.05,27453.0,27453.0
2022-12-12,18.16,18.12,18.38,17.89,19617.0,19617.0
2022-12-13,17.9,17.93,18.23,17.88,16642.0,16642.0
2022-12-14,18.0,18.59,18.73,18.0,32051.0,32051.0
2022-12-15,18.87,18.69,19.28,18.58,59044.0,59044.0
2022-12-16,18.82,18.0,18.82,17.86,30804.0,30804.0
2022-12-19,17.8,17.35,17.94,17.23,24152.0,24152.0
2022-12-20,17.35,17.4,17.68,17.28,17850.0,17850.0
2022-12-21,17.4,17.17,17.42,17.01,11221.0,11221.0
2022-12-22,17.13,17.06,17.49,16.81,15778.0,15778.0
2022-12-23,17.01,16.32,17.18,16.27,17228.0,17228.0
2022-12-26,16.64,17.09,17.2,16.43,34324.0,34324.0
2022-12-27,17.1,17.05,17.13,16.85,16144.0,16144.0
2022-12-28,17.17,16.9,17.2,16.73,18607.0,18607.0
2022-12-29,17.15,16.48,17.18,16.42,20495.0,20495.0
2022-12-30,16.6,16.31,16.6,16.13,22501.0,22501.0
2023-01-03,16.31,15.96,16.49,15.8,29715.0,29715.0
2023-01-04,15.93,15.79,15.95,15.25,37905.0,37905.0
2023-01-05,15.8,15.72,15.92,15.53,24316.0,24316.0
2023-01-06,15.85,15.93,16.2,15.75,25354.0,25354.0
2023-01-09,16.03,15.65,16.05,15.65,22372.0,22372.0
2023-01-10,15.74,15.3,15.74,15.18,25951.0,25951.0
2023-01-11,15.31,15.09,15.32,15.07,17619.0,17619.0
2023-01-12,15.08,15.14,15.2,14.95,11716.0,11716.0
2023-01-13,15.19,15.02,15.19,14.97,13347.0,13347.0
2023-01-16,15.1,15.17,15.35,15.07,21211.0,21211.0
2023-01-17,15.22,15.1,15.24,15.05,8988.0,8988.0
2023-01-18,15.18,15.14,15.19,15.02,9142.0,9142.0
2023-01-19,15.14,15.07,15.17,14.94,15649.0,15649.0
2023-01-20,15.14,15.28,15.28,15.07,14385.0,14385.0
2023-01-30,15.28,15.43,15.64,15.28,20674.0,20674.0
2023-01-31,15.43,15.55,15.57,15.38,14919.0,14919.0
2023-02-01,15.6,15.78,15.86,15.51,17588.0,17588.0
2023-02-02,15.89,15.67,15.89,15.65,12278.0,12278.0
2023-02-03,15.72,15.63,15.78,15.54,13611.0,13611.0
2023-02-06,15.65,15.63,15.8,15.54,12873.0,12873.0
2023-02-07,15.71,15.71,15.76,15.61,15119.0,15119.0
2023-02-08,15.71,15.58,15.82,15.57,10940.0,10940.0
2023-02-09,15.56,15.81,15.81,15.54,16299.0,16299.0
2023-02-10,15.9,15.75,15.91,15.69,11554.0,11554.0
2023-02-13,15.75,16.1,16.22,15.74,21972.0,21972.0
2023-02-14,16.1,16.28,16.36,16.08,22016.0,22016.0
2023-02-15,16.29,16.15,16.32,16.08,13677.0,13677.0
2023-02-16,16.15,15.58,16.16,15.41,24973.0,24973.0
2023-02-17,15.6,15.6,15.92,15.53,12434.0,12434.0
2023-02-20,15.65,15.49,15.7,15.34,13004.0,13004.0
2023-02-21,15.58,15.69,15.75,15.5,11215.0,11215.0
2023-02-22,15.68,15.61,15.75,15.56,11215.0,11215.0
2023-02-23,15.61,15.51,15.74,15.46,8801.0,8801.0
2023-02-24,15.47,15.5,15.7,15.45,7914.0,7914.0
2023-02-27,15.51,15.66,15.92,15.4,20389.0,20389.0
2023-02-28,15.66,15.52,15.81,15.42,15642.0,15642.0
2023-03-01,15.58,15.47,15.63,15.43,10659.0,10659.0
2023-03-02,15.54,15.83,15.88,15.46,25323.0,25323.0
2023-03-03,15.81,15.41,15.86,15.35,27083.0,27083.0
2023-03-06,15.38,15.3,15.41,15.09,15327.0,15327.0
2023-03-07,15.33,15.15,15.42,15.06,16350.0,16350.0
2023-03-08,15.15,15.05,15.21,14.99,9846.0,9846.0
2023-03-09,15.06,15.09,15.28,15.05,9891.0,9891.0
2023-03-10,15.08,14.95,15.15,14.93,11434.0,11434.0
2023-03-13,15.05,14.97,15.08,14.93,8335.0,8335.0
2023-03-14,14.99,14.98,15.18,14.9,11697.0,11697.0
2023-03-15,15.07,15.08,15.37,15.03,8626.0,8626.0
2023-03-16,15.08,14.96,15.15,14.94,9007.0,9007.0
2023-03-17,15.06,14.91,15.08,14.9,13594.0,13594.0
2023-03-20,15.02,15.15,15.36,14.87,18880.0,18880.0
2023-03-21,15.29,15.26,15.35,15.18,10575.0,10575.0
2023-03-22,15.49,15.44,15.66,15.29,13969.0,13969.0
2023-03-23,15.54,15.29,15.54,15.15,13920.0,13920.0
2023-03-24,15.29,15.38,15.42,15.26,11334.0,11334.0
2023-03-27,15.54,16.03,16.25,15.39,41822.0,41822.0
2023-03-28,16.06,16.3,16.49,16.03,35256.0,35256.0
2023-03-29,16.25,16.07,16.27,15.91,20042.0,20042.0
2023-03-30,16.07,16.07,16.17,15.9,15608.0,15608.0
2023-03-31,16.07,15.8,16.2,15.73,17487.0,17487.0
2023-04-03,15.78,15.49,15.97,15.45,23044.0,23044.0
2023-04-04,15.59,15.5,15.65,15.35,12578.0,12578.0
2023-04-06,15.55,15.5,15.73,15.48,13368.0,13368.0
2023-04-07,15.51,15.33,15.57,15.33,11986.0,11986.0
2023-04-10,15.33,15.27,15.43,15.19,11796.0,11796.0
2023-04-11,15.3,15.35,15.67,15.22,8314.0,8314.0
2023-04-12,15.38,15.55,15.64,15.38,12211.0,12211.0
2023-04-13,15.55,15.68,15.85,15.53,13321.0,13321.0
2023-04-14,15.71,15.68,15.87,15.64,13421.0,13421.0
2023-04-17,15.74,15.84,16.05,15.68,12028.0,12028.0
2023-04-18,15.85,15.84,16.01,15.77,8714.0,8714.0
2023-04-19,15.84,15.63,15.86,15.55,17296.0,17296.0
2023-04-20,15.73,15.46,15.79,15.33,14539.0,14539.0
2023-04-21,15.5,15.26,15.58,15.21,26390.0,26390.0
2023-04-24,15.26,14.99,15.26,14.95,16259.0,16259.0
2023-04-25,15.02,14.51,15.18,14.44,16882.0,16882.0
2023-04-26,14.54,14.8,14.94,14.46,11258.0,11258.0
2023-04-27,14.76,14.92,15.05,14.75,10137.0,10137.0
2023-04-28,14.9,14.89,15.08,14.8,10701.0,10701.0
2023-05-04,15.07,14.98,15.2,14.92,9533.0,9533.0
2023-05-05,14.94,14.82,15.08,14.68,13994.0,13994.0
2023-05-08,15.03,14.87,15.2,14.81,10560.0,10560.0
2023-05-09,15.03,14.88,15.03,14.7,8018.0,8018.0
2023-05-10,14.84,14.88,14.99,14.72,6412.0,6412.0
2023-05-11,14.86,14.66,14.95,14.6,9030.0,9030.0
2023-05-12,14.8,14.6,14.8,14.4,8322.0,8322.0
2023-05-15,14.6,14.56,14.68,14.46,5812.0,5812.0
2023-05-16,14.55,14.02,14.56,13.81,19978.0,19978.0
2023-05-17,14.02,14.06,14.17,13.99,7587.0,7587.0
2023-05-18,14.07,14.05,14.18,13.96,5884.0,5884.0
2023-05-19,14.14,14.26,14.32,13.96,8331.0,8331.0
2023-05-22,14.29,14.62,14.64,14.27,12345.0,12345.0
2023-05-23,14.57,14.52,14.88,14.48,10688.0,10688.0
2023-05-24,14.5,14.46,14.59,14.39,8061.0,8061.0
2023-05-25,14.59,14.49,14.68,14.35,8889.0,8889.0
2023-05-26,14.5,14.49,14.57,14.25,8490.0,8490.0
2023-05-29,14.59,14.69,14.9,14.54,12216.0,12216.0
2023-05-30,14.7,14.55,14.8,14.37,9330.0,9330.0
2023-05-31,14.55,14.38,14.6,14.33,5669.0,5669.0
2023-06-01,14.93,14.33,15.38,14.28,23718.0,23718.0
2023-06-02,14.27,14.38,14.86,14.25,13884.0,13884.0
2023-06-05,14.37,14.25,14.57,14.16,8689.0,8689.0
2023-06-06,14.25,14.17,14.33,14.1,8518.0,8518.0
2023-06-07,14.25,14.18,14.31,14.15,6822.0,6822.0
2023-06-08,14.18,14.04,14.26,14.04,8324.0,8324.0
2023-06-09,14.13,14.11,14.2,13.96,6193.0,6193.0
2023-06-12,14.11,14.04,14.26,14.04,8071.0,8071.0
2023-06-13,14.1,14.03,14.12,13.97,5490.0,5490.0
2023-06-14,14.1,14.11,14.19,13.97,6060.0,6060.0
2023-06-15,14.12,14.12,14.16,14.0,6616.0,6616.0
2023-06-16,14.12,14.4,14.42,14.12,9630.0,9630.0
2023-06-19,14.5,14.11,14.66,14.05,16972.0,16972.0
2023-06-20,14.11,14.02,14.65,13.9,10000.0,10000.0
2023-06-21,14.03,13.92,14.18,13.9,8479.0,8479.0
2023-06-26,13.89,14.03,14.06,13.8,9987.0,9987.0
2023-06-27,14.1,14.14,14.26,14.01,10412.0,10412.0
2023-06-28,14.23,14.17,14.26,14.08,7645.0,7645.0
2023-06-29,14.27,13.93,14.35,13.81,20553.0,20553.0
2023-06-30,13.88,14.26,14.33,13.88,19173.0,19173.0
2023-07-03,14.26,14.22,14.52,14.19,10452.0,10452.0
2023-07-04,14.25,14.22,14.38,14.15,7185.0,7185.0
2023-07-05,14.22,14.28,14.33,14.22,5855.0,5855.0
2023-07-06,14.28,14.27,14.38,14.23,7452.0,7452.0
2023-07-07,14.27,14.44,14.66,14.21,12850.0,12850.0
2023-07-10,14.44,15.04,15.16,14.4,24320.0,24320.0
2023-07-11,14.99,15.22,15.29,14.84,19090.0,19090.0
2023-07-12,15.21,15.3,15.39,15.16,16763.0,16763.0
2023-07-13,15.3,15.18,15.4,15.06,12156.0,12156.0
2023-07-14,15.22,15.3,15.35,15.15,10507.0,10507.0
2023-07-17,15.28,15.35,15.42,15.22,9328.0,9328.0
2023-07-18,15.42,15.5,15.58,15.33,10361.0,10361.0
2023-07-19,15.5,15.44,15.63,15.37,7202.0,7202.0
2023-07-20,15.44,15.33,15.51,15.29,10588.0,10588.0
2023-07-21,15.44,15.25,15.44,15.18,9966.0,9966.0
2023-07-24,15.39,15.11,15.39,15.04,8118.0,8118.0
2023-07-25,15.27,14.94,15.3,14.91,12170.0,12170.0
2023-07-26,15.12,15.08,15.17,14.92,9588.0,9588.0
2023-07-27,15.06,14.96,15.16,14.93,5329.0,5329.0
2023-07-28,14.95,15.0,15.14,14.89,8186.0,8186.0
2023-07-31,15.02,15.55,15.63,14.83,30835.0,30835.0
2023-08-01,15.58,15.18,15.98,15.1,44288.0,44288.0
2023-08-02,15.31,15.15,15.31,15.09,13519.0,13519.0
2023-08-03,15.11,14.88,15.14,14.84,9618.0,9618.0
2023-08-04,14.88,15.3,15.42,14.73,20792.0,20792.0
2023-08-07,15.25,15.57,15.8,15.25,25109.0,25109.0
2023-08-08,15.61,15.64,16.0,14.99,35317.0,35317.0
2023-08-09,15.65,15.3,15.75,15.19,30499.0,30499.0
2023-08-10,15.38,15.37,15.44,15.12,14842.0,14842.0
2023-08-11,15.49,14.95,15.5,14.92,11776.0,11776.0
2023-08-14,15.0,14.92,15.0,14.73,9328.0,9328.0
2023-08-15,14.9,14.95,15.14,14.83,8866.0,8866.0
2023-08-16,14.94,14.87,15.01,14.77,8619.0,8619.0
2023-08-17,14.95,15.44,15.45,14.68,18389.0,18389.0
2023-08-18,15.45,15.32,15.55,15.28,12760.0,12760.0
2023-08-21,15.3,14.92,15.5,14.92,10793.0,10793.0
2023-08-22,14.95,14.76,15.05,14.63,8826.0,8826.0
2023-08-23,14.86,14.58,14.86,14.51,7179.0,7179.0
2023-08-24,14.68,14.8,15.09,14.61,9048.0,9048.0
2023-08-25,14.8,14.66,14.94,14.62,8689.0,8689.0
2023-08-28,15.19,14.47,15.3,14.45,15433.0,15433.0
2023-08-29,14.54,15.14,15.15,14.54,15725.0,15725.0
2023-08-30,15.17,15.45,15.45,15.11,15882.0,15882.0
2023-08-31,15.44,15.48,15.54,15.35,15853.0,15853.0
2023-09-01,15.6,14.76,15.83,14.73,33266.0,33266.0
2023-09-04,14.76,14.78,14.9,14.69,20011.0,20011.0
2023-09-05,14.62,14.71,14.85,14.61,11699.0,11699.0
2023-09-06,14.66,15.17,15.2,14.66,20697.0,20697.0
2023-09-07,15.14,14.96,15.27,14.94,15494.0,15494.0
2023-09-08,14.95,14.98,15.14,14.88,14548.0,14548.0
2023-09-11,14.98,14.69,15.12,14.66,15931.0,15931.0
2023-09-12,14.69,14.49,14.79,14.47,11803.0,11803.0
2023-09-13,14.53,14.32,14.59,14.3,9479.0,9479.0
2023-09-14,14.39,14.12,14.39,14.0,10286.0,10286.0
2023-09-15,14.15,14.21,14.37,14.12,9896.0,9896.0
2023-09-18,14.21,14.33,14.48,14.21,9439.0,9439.0
2023-09-19,14.33,14.29,14.42,14.19,7376.0,7376.0
2023-09-20,14.29,14.2,14.33,14.15,4943.0,4943.0
2023-09-21,14.2,14.16,14.27,14.11,8232.0,8232.0
2023-09-22,14.23,14.31,14.34,14.15,7586.0,7586.0
2023-09-25,14.45,14.35,14.45,14.01,12219.0,12219.0
2023-09-26,14.37,14.34,14.57,14.29,15448.0,15448.0
2023-09-27,14.37,14.09,14.41,14.09,9752.0,9752.0
2023-09-28,14.16,13.64,14.23,13.46,26901.0,26901.0
2023-10-09,13.64,12.96,13.67,12.88,24995.0,24995.0
2023-10-10,13.02,13.26,13.43,13.02,23944.0,23944.0
2023-10-11,13.33,13.17,13.39,13.0,11823.0,11823.0
2023-10-12,13.18,13.45,13.45,12.91,16092.0,16092.0
2023-10-13,13.4,13.2,13.41,13.12,7642.0,7642.0
2023-10-16,13.2,13.12,13.31,13.05,9505.0,9505.0
2023-10-17,13.23,13.22,13.36,13.13,9719.0,9719.0
2023-10-18,13.26,13.03,13.3,12.96,6413.0,6413.0
2023-10-19,12.97,12.92,13.14,12.91,5842.0,5842.0
2023-10-20,12.9,13.0,13.07,12.79,6989.0,6989.0
2023-10-23,12.96,13.0,13.25,12.75,19768.0,19768.0
2023-10-24,13.0,12.99,13.12,12.94,13049.0,13049.0
2023-10-25,12.99,13.05,13.15,12.93,11583.0,11583.0
2023-10-26,13.05,13.25,13.25,12.93,12518.0,12518.0
2023-10-27,13.24,13.9,13.97,13.23,20462.0,20462.0
2023-10-30,13.9,14.5,14.56,13.76,20416.0,20416.0
2023-10-31,14.6,14.46,14.67,14.41,17806.0,17806.0
2023-11-01,14.49,14.36,14.52,14.08,20878.0,20878.0
2023-11-02,14.35,14.24,14.5,14.17,14235.0,14235.0
2023-11-03,14.24,14.48,14.54,14.24,13152.0,13152.0
2023-11-06,14.59,14.71,14.73,14.5,14190.0,14190.0
2023-11-07,14.75,15.16,15.28,14.68,21153.0,21153.0
2023-11-08,15.23,15.4,15.46,15.06,20619.0,20619.0
2023-11-09,15.49,15.44,15.56,15.31,12766.0,12766.0
2023-11-10,15.45,15.55,15.73,15.38,18874.0,18874.0
2023-11-13,15.59,15.95,15.95,15.4,27853.0,27853.0
2023-11-14,15.95,16.26,16.28,15.87,19093.0,19093.0
2023-11-15,16.28,16.06,16.38,15.93,20692.0,20692.0
2023-11-16,16.04,15.99,16.17,15.96,13831.0,13831.0
2023-11-17,15.99,16.24,16.29,15.99,14338.0,14338.0
2023-11-20,16.25,16.99,17.04,16.25,50555.0,50555.0
2023-11-21,17.0,16.78,17.11,16.75,19716.0,19716.0
2023-11-22,16.8,16.72,16.96,16.65,15974.0,15974.0
2023-11-23,16.73,16.96,17.05,16.7,14175.0,14175.0
2023-11-24,16.99,16.98,17.2,16.79,30496.0,30496.0
2023-11-27,16.89,17.37,17.45,16.78,27830.0,27830.0
2023-11-28,17.32,17.29,17.47,17.22,12594.0,12594.0
2023-11-29,17.29,17.28,17.34,17.15,11648.0,11648.0
2023-11-30,17.25,16.9,17.33,16.77,19812.0,19812.0
2023-12-01,16.88,16.84,16.99,16.74,17977.0,17977.0
2023-12-04,16.89,16.86,17.05,16.71,12288.0,12288.0
2023-12-05,17.0,16.77,17.04,16.63,26680.0,26680.0
2023-12-06,16.73,16.8,17.0,16.62,18937.0,18937.0
2023-12-07,16.93,16.47,17.14,16.44,31725.0,31725.0
2023-12-08,16.55,16.38,16.69,16.35,26850.0,26850.0
2023-12-11,16.35,16.18,16.4,16.1,27286.0,27286.0
2023-12-12,16.47,15.97,16.47,15.77,24540.0,24540.0
2023-12-13,16.04,15.81,16.29,15.7,18837.0,18837.0
2023-12-14,15.81,15.75,16.0,15.67,18112.0,18112.0
2023-12-15,15.9,15.7,15.9,15.59,14147.0,14147.0
2023-12-18,15.71,15.66,15.8,15.54,14700.0,14700.0
2023-12-19,15.63,15.75,15.82,15.54,11202.0,11202.0
2023-12-20,15.87,15.89,16.13,15.7,38658.0,38658.0
2023-12-21,15.85,16.12,16.15,15.79,25483.0,25483.0
2023-12-22,16.13,15.94,16.19,15.87,17512.0,17512.0
2023-12-25,16.11,15.94,16.12,15.89,13116.0,13116.0
2023-12-26,15.94,15.88,16.05,15.82,11908.0,11908.0
2023-12-27,15.89,15.97,15.99,15.8,8338.0,8338.0
2023-12-28,16.01,15.82,16.03,15.73,12939.0,12939.0
2023-12-29,15.87,15.87,15.89,15.66,12128.0,12128.0
2024-01-02,15.86,15.72,16.03,15.7,14479.0,14479.0
2024-01-03,15.74,15.77,15.89,15.69,16067.0,16067.0
2024-01-04,15.82,15.65,15.82,15.57,10500.0,10500.0
2024-01-05,15.68,15.33,15.85,15.21,16818.0,16818.0
2024-01-08,15.33,15.08,15.73,14.85,34645.0,34645.0
2024-01-09,15.12,14.99,15.3,14.87,22058.0,22058.0
2024-01-10,14.98,15.09,15.25,14.8,28170.0,28170.0
2024-01-11,15.07,14.69,15.17,14.55,39707.0,39707.0
2024-01-12,14.6,14.76,14.92,14.33,23963.0,23963.0
2024-01-15,14.75,15.35,15.9,14.75,52785.0,52785.0
2024-01-16,15.31,15.28,15.59,15.01,35516.0,35516.0
2024-01-17,15.25,14.73,15.25,14.53,20088.0,20088.0
2024-01-18,14.68,14.56,14.69,14.07,24117.0,24117.0
2024-01-19,14.69,14.44,14.86,14.42,12904.0,12904.0
2024-01-22,14.56,13.55,14.56,13.5,17248.0,17248.0
2024-01-23,13.6,13.85,14.0,13.42,15032.0,15032.0
2024-01-24,13.85,14.14,14.3,13.62,10290.0,10290.0
2024-01-25,14.2,14.54,14.79,14.09,15924.0,15924.0
2024-01-26,14.58,14.13,14.61,14.0,22256.0,22256.0
2024-01-29,14.16,14.13,14.28,13.91,9301.0,9301.0
2024-01-30,14.12,13.76,14.28,13.7,10230.0,10230.0
2024-01-31,13.97,13.3,13.97,13.11,12704.0,12704.0
2024-02-01,13.27,13.05,13.49,12.66,22806.0,22806.0
2024-02-02,13.08,13.18,13.44,12.58,34568.0,34568.0
2024-02-05,13.18,12.0,13.3,11.86,61291.0,61291.0
2024-02-06,11.98,12.54,13.2,11.09,36291.0,36291.0
2024-02-07,12.54,12.7,13.09,12.43,43213.0,43213.0
2024-02-08,12.99,12.6,12.99,11.74,34815.0,34815.0
2024-02-19,12.62,13.44,13.54,12.62,23839.0,23839.0
2024-02-20,13.32,13.77,13.84,13.16,21775.0,21775.0
2024-02-21,13.77,13.38,14.35,13.35,62841.0,62841.0
2024-02-22,13.36,13.32,13.56,13.0,24732.0,24732.0
2024-02-23,13.3,13.5,13.68,13.09,25840.0,25840.0
2024-02-26,13.47,13.35,13.65,13.28,25307.0,25307.0
2024-02-27,13.35,13.37,13.65,13.24,32135.0,32135.0
2024-02-28,13.38,12.82,13.43,12.63,35455.0,35455.0
2024-02-29,12.6,13.05,13.21,12.6,23670.0,23670.0
2024-03-01,13.05,13.45,13.5,12.77,45148.0,45148.0
2024-03-04,13.44,13.27,13.5,13.11,18248.0,18248.0
2024-03-05,13.27,13.13,13.28,12.94,10691.0,10691.0
2024-03-06,13.0,13.15,13.23,12.9,9545.0,9545.0
2024-03-07,13.15,13.15,13.29,12.95,10415.0,10415.0
2024-03-08,13.15,13.0,13.46,12.96,20869.0,20869.0
2024-03-11,12.97,13.05,13.12,12.75,36832.0,36832.0
2024-03-12,12.96,12.82,13.03,12.69,22765.0,22765.0
2024-03-13,12.76,12.69,12.88,12.58,31407.0,31407.0
2024-03-14,12.71,12.62,12.82,12.47,21767.0,21767.0
2024-03-15,12.55,12.66,12.73,12.4,13350.0,13350.0
2024-03-18,12.65,13.93,13.93,12.65,62502.0,62502.0
2024-03-19,14.09,13.89,14.3,13.81,79215.0,79215.0
2024-03-20,13.82,13.94,14.1,13.73,27722.0,27722.0
2024-03-21,13.93,14.66,15.33,13.93,85688.0,85688.0
2024-03-22,14.69,14.41,14.69,14.15,52558.0,52558.0
2024-03-25,14.35,14.0,14.47,13.97,27015.0,27015.0
2024-03-26,14.13,13.61,14.29,13.46,20368.0,20368.0
2024-03-27,13.61,13.37,13.61,13.28,26727.0,26727.0
2024-03-28,13.3,13.35,13.76,13.25,28486.0,28486.0
2024-03-29,13.45,13.54,13.55,13.21,20382.0,20382.0
2024-04-01,13.54,13.95,13.95,13.46,16646.0,16646.0
2024-04-02,13.95,13.88,14.08,13.74,14426.0,14426.0
2024-04-03,13.9,13.78,13.95,13.58,11265.0,11265.0
2024-04-08,13.81,13.69,13.99,13.54,16050.0,16050.0
2024-04-09,13.69,13.82,13.86,13.6,11555.0,11555.0
2024-04-10,13.81,13.71,13.81,13.39,18087.0,18087.0
2024-04-11,13.65,13.57,13.8,13.47,15209.0,15209.0
2024-04-12,13.57,13.76,13.8,13.37,17005.0,17005.0
2024-04-15,13.76,13.49,13.84,13.1,19623.0,19623.0
2024-04-16,13.62,13.03,13.62,12.98,18141.0,18141.0
2024-04-17,13.14,13.2,13.57,13.04,26643.0,26643.0
2024-04-18,13.18,13.34,13.45,12.98,14485.0,14485.0
2024-04-19,13.34,14.12,14.17,13.08,27987.0,27987.0
2024-04-22,14.2,13.75,14.34,13.6,21535.0,21535.0
2024-04-23,13.7,13.87,13.9,13.64,8976.0,8976.0
2024-04-24,13.87,13.97,13.97,13.68,12602.0,12602.0
2024-04-25,13.95,14.33,14.4,13.8,17666.0,17666.0
2024-04-26,14.45,14.37,14.45,14.13,21509.0,21509.0
2024-04-29,14.49,15.42,15.76,14.43,49546.0,49546.0
2024-04-30,14.95,15.4,15.42,14.86,31749.0,31749.0
2024-05-06,15.41,15.8,15.95,15.41,42621.0,42621.0
2024-05-07,15.8,15.96,16.19,15.71,25112.0,25112.0
2024-05-08,15.94,15.82,15.98,15.69,13942.0,13942.0
2024-05-09,15.88,15.44,15.88,15.38,23489.0,23489.0
2024-05-10,15.41,15.38,15.5,15.3,14046.0,14046.0
2024-05-13,15.3,15.49,15.5,15.2,11522.0,11522.0
2024-05-14,15.49,15.86,15.89,15.49,24444.0,24444.0
2024-05-15,15.9,15.82,15.98,15.68,10855.0,10855.0
2024-05-16,15.85,15.8,16.25,15.71,14972.0,14972.0
2024-05-17,15.81,15.83,15.91,15.69,7377.0,7377.0
2024-05-20,15.87,15.68,16.06,15.6,20097.0,20097.0
2024-05-21,15.52,15.68,15.9,15.52,8978.0,8978.0
2024-05-22,15.75,15.63,15.77,15.56,6189.0,6189.0
2024-05-23,15.54,15.38,15.6,15.3,9076.0,9076.0
2024-05-24,15.33,15.2,15.4,15.16,10068.0,10068.0
2024-05-27,15.24,15.16,15.3,14.93,12974.0,12974.0
2024-05-28,15.1,15.13,15.4,14.9,17178.0,17178.0
2024-05-29,15.18,15.45,15.49,15.0,24275.0,24275.0
2024-05-30,15.57,15.38,15.57,15.23,8090.0,8090.0
2024-05-31,15.39,15.23,15.41,15.15,9847.0,9847.0
2024-06-03,15.18,15.15,15.25,15.04,8503.0,8503.0
2024-06-04,15.32,14.79,15.32,14.68,19775.0,19775.0
2024-06-05,14.9,14.62,14.9,14.52,12860.0,12860.0
2024-06-06,14.53,14.22,14.64,14.1,14127.0,14127.0
2024-06-07,14.3,14.63,14.81,14.26,14801.0,14801.0
2024-06-11,14.63,14.48,14.63,14.15,14904.0,14904.0
2024-06-12,14.48,14.49,14.55,14.31,14670.0,14670.0
2024-06-13,14.41,14.36,14.5,14.2,13273.0,13273.0
2024-06-14,14.16,14.08,14.18,13.69,14869.0,14869.0
2024-06-17,14.08,14.07,14.5,13.96,13458.0,13458.0
2024-06-18,14.01,14.0,14.25,13.79,18317.0,18317.0
2024-06-19,14.48,13.86,14.48,13.85,12930.0,12930.0
2024-06-20,13.99,13.75,14.01,13.7,9777.0,9777.0
2024-06-21,13.79,13.96,14.09,13.53,10244.0,10244.0
2024-06-24,13.91,13.49,13.99,13.41,15800.0,15800.0
2024-06-25,13.21,13.34,13.61,13.21,8254.0,8254.0
2024-06-26,13.35,13.63,13.64,13.21,7506.0,7506.0
2024-06-27,13.56,13.37,13.65,13.32,6192.0,6192.0
2024-06-28,13.27,13.1,13.47,12.97,11901.0,11901.0
2024-07-01,13.66,13.24,13.66,13.05,10751.0,10751.0
2024-07-02,13.15,13.06,13.38,13.03,6739.0,6739.0
2024-07-03,12.96,12.94,13.13,12.88,7067.0,7067.0
2024-07-04,12.88,12.64,12.98,12.57,7798.0,7798.0
2024-07-05,12.61,12.62,12.71,12.42,12777.0,12777.0
2024-07-08,12.62,12.05,12.62,11.97,11371.0,11371.0
2024-07-09,12.08,12.2,12.25,11.82,7975.0,7975.0
2024-07-10,12.15,12.18,12.48,11.98,7479.0,7479.0
2024-07-11,12.44,12.48,12.6,12.34,7143.0,7143.0
2024-07-12,12.38,12.37,12.58,12.35,4431.0,4431.0
2024-07-15,12.34,12.17,12.39,12.09,7116.0,7116.0
2024-07-16,12.07,12.09,12.27,12.03,7269.0,7269.0
2024-07-17,12.12,12.04,12.24,12.0,6909.0,6909.0
2024-07-18,12.05,12.11,12.19,11.86,8422.0,8422.0
2024-07-19,12.08,12.07,12.16,11.97,7616.0,7616.0
2024-07-22,11.99,11.47,12.11,11.07,41756.0,41756.0
2024-07-23,11.67,11.56,11.89,11.45,24058.0,24058.0
2024-07-24,11.48,11.3,11.66,11.22,12032.0,12032.0
2024-07-25,11.43,11.4,11.58,11.18,8093.0,8093.0
2024-07-26,11.4,11.49,11.56,11.3,12215.0,12215.0
2024-07-29,11.55,11.16,11.55,11.11,19435.0,19435.0
2024-07-30,11.12,12.28,12.28,11.08,27107.0,27107.0
2024-07-31,12.56,12.23,12.7,11.97,54348.0,54348.0
2024-08-01,12.13,12.18,12.23,12.04,22938.0,22938.0
2024-08-02,12.1,12.0,12.23,12.0,16540.0,16540.0
2024-08-05,11.88,11.65,12.03,11.6,15743.0,15743.0
2024-08-06,11.65,11.76,11.84,11.59,11310.0,11310.0
2024-08-07,11.75,11.62,11.87,11.59,9488.0,9488.0
2024-08-08,11.62,11.89,11.93,11.45,11290.0,11290.0
2024-08-09,11.89,11.63,11.95,11.61,8185.0,8185.0
2024-08-12,11.56,11.73,11.74,11.49,10962.0,10962.0
2024-08-13,12.0,11.7,12.1,11.53,7022.0,7022.0
2024-08-14,11.75,11.65,11.78,11.59,4300.0,4300.0
2024-08-15,11.56,11.74,11.86,11.55,11458.0,11458.0
2024-08-16,11.74,11.67,11.77,11.57,7743.0,7743.0
2024-08-19,11.58,11.61,11.78,11.56,5685.0,5685.0
2024-08-20,11.57,11.41,11.62,11.37,5494.0,5494.0
2024-08-21,11.33,11.28,11.39,11.26,3630.0,3630.0
2024-08-22,11.4,11.21,11.4,11.17,3887.0,3887.0
2024-08-23,11.19,11.4,11.46,10.93,13648.0,13648.0
2024-08-26,11.31,11.52,11.52,11.31,5366.0,5366.0
2024-08-27,11.46,11.35,11.51,11.28,4480.0,4480.0
2024-08-28,11.24,11.48,11.57,11.19,6524.0,6524.0
2024-08-29,11.48,11.68,11.71,11.42,11190.0,11190.0
2024-08-30,11.76,11.66,12.04,11.57,17479.0,17479.0
2024-09-02,11.92,11.7,12.22,11.67,20768.0,20768.0
2024-09-03,11.59,11.85,12.02,11.59,13902.0,13902.0
2024-09-04,11.72,11.83,11.97,11.72,7692.0,7692.0
2024-09-05,11.85,11.85,11.92,11.79,7602.0,7602.0
2024-09-06,11.73,11.72,11.88,11.66,5414.0,5414.0
2024-09-09,11.68,11.65,11.81,11.56,6325.0,6325.0
2024-09-10,11.65,11.66,11.75,11.45,5031.0,5031.0
2024-09-11,11.56,11.57,11.78,11.46,7559.0,7559.0
2024-09-12,11.79,11.57,11.79,11.38,9401.0,9401.0
2024-09-13,11.52,11.29,11.56,11.28,7480.0,7480.0
2024-09-18,11.27,11.24,11.35,11.02,7362.0,7362.0
2024-09-19,11.41,11.52,11.6,11.25,9346.0,9346.0
2024-09-20,11.6,11.48,11.64,11.36,6942.0,6942.0
2024-09-23,11.36,11.37,11.48,11.34,4770.0,4770.0
2024-09-24,11.53,11.68,11.7,11.11,9356.0,9356.0
2024-09-25,11.98,11.68,11.98,11.61,11204.0,11204.0
2024-09-26,11.67,11.97,12.04,11.63,13553.0,13553.0
2024-09-27,12.02,12.37,12.39,12.02,16924.0,16924.0
2024-09-30,12.65,13.38,13.55,12.5,46542.0,46542.0
2024-10-08,14.7,13.5,14.7,12.9,75819.0,75819.0
2024-10-09,13.42,12.17,13.42,12.15,48622.0,48622.0
2024-10-10,12.0,12.14,12.51,11.92,34478.0,34478.0
2024-10-11,12.22,11.98,12.32,11.88,24010.0,24010.0
2024-10-14,11.98,12.11,12.19,11.87,23382.0,23382.0
2024-10-15,12.13,11.8,12.13,11.8,24156.0,24156.0
2024-10-16,11.59,11.95,12.07,11.53,22097.0,22097.0
2024-10-17,12.0,11.93,12.25,11.92,23275.0,23275.0
2024-10-18,11.9,12.05,12.17,11.79,26475.0,26475.0
2024-10-21,12.05,11.99,12.16,11.9,29522.0,29522.0
2024-10-22,11.88,12.09,12.19,11.88,26282.0,26282.0
2024-10-23,12.09,12.13,12.27,12.06,20694.0,20694.0
2024-10-24,12.1,12.13,12.25,12.04,14834.0,14834.0
2024-10-25,12.13,12.4,12.45,12.13,30697.0,30697.0
2024-10-28,12.44,12.54,12.69,12.3,28379.0,28379.0
2024-10-29,12.65,12.33,12.66,12.22,23985.0,23985.0
2024-10-30,12.22,12.2,12.39,12.08,20118.0,20118.0
2024-10-31,12.35,12.21,12.51,12.08,39989.0,39989.0
2024-11-01,12.11,11.77,12.17,11.75,36174.0,36174.0
2024-11-04,11.68,12.09,12.2,11.67,33326.0,33326.0
2024-11-05,12.1,12.36,12.53,11.94,47198.0,47198.0
2024-11-06,12.3,12.4,12.4,12.18,33695.0,33695.0
2024-11-07,12.18,12.64,12.67,12.18,41212.0,41212.0
2024-11-08,12.76,12.54,12.86,12.43,34667.0,34667.0
2024-11-11,12.44,12.9,13.19,12.4,63796.0,63796.0
2024-11-12,12.94,12.76,13.16,12.63,38863.0,38863.0
2024-11-13,12.75,12.72,12.93,12.48,29981.0,29981.0
2024-11-14,12.71,12.45,12.75,12.37,22939.0,22939.0
2024-11-15,12.4,12.41,12.64,12.34,24454.0,24454.0
2024-11-18,12.54,12.31,12.55,12.1,22575.0,22575.0
2024-11-19,12.32,12.54,12.54,12.25,23842.0,23842.0
2024-11-20,12.61,12.76,12.77,12.5,32791.0,32791.0
2024-11-21,12.85,12.76,13.02,12.69,32879.0,32879.0
2024-11-22,12.81,12.15,12.85,12.14,33636.0,33636.0
2024-11-25,12.4,12.41,12.62,12.22,32710.0,32710.0
2024-11-26,12.42,12.19,12.5,12.17,19787.0,19787.0
2024-11-27,12.29,12.3,12.3,11.83,27202.0,27202.0
2024-11-28,12.3,12.35,12.43,12.16,30846.0,30846.0
2024-11-29,12.37,12.49,12.59,12.28,37560.0,37560.0
2024-12-02,12.53,12.76,12.83,12.51,46163.0,46163.0
2024-12-03,12.75,12.76,12.84,12.64,27616.0,27616.0
2024-12-04,12.76,12.56,12.83,12.46,33527.0,33527.0
2024-12-05,12.56,12.66,12.71,12.51,24684.0,24684.0
2024-12-06,12.68,12.7,12.72,12.53,32911.0,32911.0
2024-12-09,12.69,12.72,13.03,12.61,56514.0,56514.0
2024-12-10,12.96,12.8,13.45,12.75,92457.0,92457.0
2024-12-11,12.74,12.48,12.79,12.33,79491.0,79491.0
2024-12-12,12.44,12.6,12.63,12.35,46642.0,46642.0
2024-12-13,12.57,12.47,12.69,12.41,50901.0,50901.0
2024-12-16,12.59,12.52,12.73,12.47,38234.0,38234.0
2024-12-17,12.5,12.11,12.51,12.1,38608.0,38608.0
2024-12-18,12.16,12.02,12.24,11.98,22956.0,22956.0
2024-12-19,11.94,11.97,12.02,11.77,22472.0,22472.0
2024-12-20,11.95,12.05,12.09,11.95,14372.0,14372.0
2024-12-23,12.02,11.9,12.14,11.87,22975.0,22975.0
2024-12-24,11.9,12.06,12.08,11.87,16229.0,16229.0
2024-12-25,12.07,12.05,12.17,11.85,24476.0,24476.0
2024-12-26,11.99,12.07,12.14,11.91,17429.0,17429.0
2024-12-27,12.01,12.25,12.35,12.0,32373.0,32373.0
2024-12-30,12.25,12.19,12.26,12.1,15822.0,15822.0
2024-12-31,12.2,11.94,12.2,11.9,24375.0,24375.0
2025-01-02,11.95,11.59,11.99,11.48,34084.0,34084.0
2025-01-03,11.62,11.42,11.75,11.36,23584.0,23584.0
2025-01-06,11.42,11.44,11.59,11.22,15406.0,15406.0
2025-01-07,11.44,11.67,11.75,11.39,18941.0,18941.0
2025-01-08,11.63,11.61,11.65,11.35,17552.0,17552.0
2025-01-09,11.6,11.59,11.68,11.45,11831.0,11831.0
2025-01-10,11.54,11.24,11.62,11.24,14344.0,14344.0
2025-01-13,11.0,10.78,11.17,10.69,30823.0,30823.0
2025-01-14,10.8,11.04,11.07,10.78,41318.0,41318.0
2025-01-15,10.96,10.92,10.98,10.8,23064.0,23064.0
2025-01-16,11.05,10.93,11.14,10.85,22699.0,22699.0
2025-01-17,10.93,11.0,11.18,10.87,18982.0,18982.0
2025-01-20,11.15,11.01,11.15,10.98,16482.0,16482.0
2025-01-21,11.05,10.97,11.08,10.93,12188.0,12188.0
2025-01-22,10.98,10.83,11.0,10.79,12785.0,12785.0
2025-01-23,10.99,10.94,11.17,10.94,27410.0,27410.0
2025-01-24,10.93,10.93,10.99,10.85,13591.0,13591.0
2025-01-27,10.99,10.93,11.08,10.92,15576.0,15576.0
2025-02-05,10.99,10.99,11.02,10.87,10489.0,10489.0
2025-02-06,10.98,11.09,11.1,10.9,16942.0,16942.0
2025-02-07,11.1,11.24,11.39,11.0,29974.0,29974.0
2025-02-10,11.25,11.27,11.32,11.22,17017.0,17017.0
2025-02-11,11.27,11.27,11.35,11.15,18891.0,18891.0
2025-02-12,11.27,11.67,11.72,11.21,40969.0,40969.0
2025-02-13,11.67,11.78,12.15,11.57,44615.0,44615.0
2025-02-14,11.65,11.74,11.82,11.65,18146.0,18146.0
2025-02-17,11.7,11.53,11.84,11.52,25768.0,25768.0
2025-02-18,11.59,11.61,11.99,11.52,36608.0,36608.0
2025-02-19,11.54,12.27,12.29,11.54,65866.0,65866.0
2025-02-20,12.41,13.5,13.5,12.41,144764.0,144764.0
2025-02-21,13.95,13.55,14.1,13.34,227250.0,227250.0
2025-02-24,12.99,13.5,13.62,12.86,120004.0,120004.0
2025-02-25,13.2,13.1,13.45,13.1,68462.0,68462.0
2025-02-26,13.11,13.25,13.57,13.02,54537.0,54537.0
2025-02-27,13.37,13.3,13.46,12.97,46191.0,46191.0
2025-02-28,13.28,13.04,13.3,13.0,32978.0,32978.0
2025-03-03,13.15,13.23,13.59,13.0,58963.0,58963.0
2025-03-04,13.1,13.46,13.5,13.03,49237.0,49237.0
2025-03-05,13.5,13.54,13.64,13.4,39799.0,39799.0
2025-03-06,13.57,13.64,13.8,13.5,44114.0,44114.0
2025-03-07,13.63,14.0,14.18,13.53,71938.0,71938.0
2025-03-10,14.31,15.03,15.39,14.02,116835.0,116835.0
2025-03-11,14.76,15.15,15.32,14.71,81531.0,81531.0
2025-03-12,15.04,15.49,15.55,15.04,71786.0,71786.0
2025-03-13,15.48,15.32,15.65,15.0,74894.0,74894.0
2025-03-14,15.23,15.39,15.42,15.06,49643.0,49643.0
2025-03-17,15.4,15.93,16.46,15.4,71329.0,71329.0
2025-03-18,15.75,16.04,16.19,15.75,58007.0,58007.0
2025-03-19,16.0,16.81,16.94,16.0,71919.0,71919.0
2025-03-20,16.83,16.61,16.9,16.06,78341.0,78341.0
2025-03-21,16.45,15.84,16.59,15.75,74822.0,74822.0
2025-03-24,15.8,15.84,16.14,15.29,77387.0,77387.0
2025-03-25,15.84,15.81,16.07,15.59,39475.0,39475.0
2025-03-26,15.82,15.87,16.28,15.81,37353.0,37353.0
2025-03-27,15.8,15.79,15.98,15.5,35078.0,35078.0
2025-03-28,15.79,15.48,15.8,15.34,34754.0,34754.0
2025-03-31,15.58,15.7,15.79,15.29,25873.0,25873.0
2025-04-01,15.7,15.61,15.95,15.53,22253.0,22253.0
2025-04-02,15.7,15.7,15.88,15.52,19826.0,19826.0
2025-04-03,15.53,15.6,15.85,15.43,24871.0,24871.0
2025-04-07,14.8,14.04,14.98,14.04,23540.0,23540.0
2025-04-08,13.87,13.62,14.2,13.26,59347.0,59347.0
2025-04-09,13.4,13.7,13.83,12.5,48508.0,48508.0
2025-04-10,13.79,14.15,14.41,13.79,34330.0,34330.0
2025-04-11,14.15,14.69,14.94,13.89,38349.0,38349.0
2025-04-14,15.0,15.55,15.85,14.85,54270.0,54270.0
2025-04-15,15.73,17.11,17.11,15.44,92273.0,92273.0
2025-04-16,17.11,16.04,17.11,15.88,80979.0,80979.0
2025-04-17,16.1,16.8,17.05,15.9,61710.0,61710.0
2025-04-18,16.52,16.11,16.69,16.03,43870.0,43870.0
2025-04-21,16.05,16.11,16.32,15.92,31083.0,31083.0
2025-04-22,16.11,15.82,16.25,15.8,21746.0,21746.0
2025-04-23,15.96,15.61,16.23,15.51,43192.0,43192.0
2025-04-24,15.7,16.51,16.54,15.62,71212.0,71212.0
2025-04-25,16.54,16.65,16.69,16.26,34743.0,34743.0
2025-04-28,16.65,15.73,16.73,15.7,49329.0,49329.0
2025-04-29,15.97,15.97,16.14,15.63,29643.0,29643.0
2025-04-30,15.83,16.35,16.63,15.71,50449.0,50449.0
2025-05-06,16.71,17.56,17.89,16.58,94627.0,94627.0
2025-05-07,17.7,16.87,17.8,16.66,63214.0,63214.0
2025-05-08,16.78,17.37,17.66,16.7,74641.0,74641.0
2025-05-09,17.2,17.33,17.66,17.05,31784.0,31784.0
2025-05-12,17.41,17.15,17.88,17.13,38816.0,38816.0
2025-05-13,17.2,17.03,17.62,16.9,37646.0,37646.0
2025-05-14,17.03,16.56,17.03,16.48,43507.0,43507.0
2025-05-15,16.52,16.25,16.66,16.06,24974.0,24974.0
2025-05-16,16.19,16.28,16.73,16.18,29849.0,29849.0
2025-05-19,16.37,16.0,16.37,15.5,32183.0,32183.0
2025-05-20,16.18,15.91,16.18,15.73,20655.0,20655.0
2025-05-21,15.88,15.75,15.88,15.55,24519.0,24519.0
2025-05-22,15.76,15.6,15.93,15.43,20781.0,20781.0
2025-05-23,15.22,15.68,15.95,15.22,27834.0,27834.0
2025-05-26,15.67,15.38,15.79,15.22,21783.0,21783.0
2025-05-27,15.4,15.14,15.4,15.0,29601.0,29601.0
2025-05-28,15.11,15.6,15.99,15.11,44912.0,44912.0
2025-05-29,15.6,15.59,15.93,15.36,28518.0,28518.0
2025-05-30,15.75,15.88,16.14,15.22,41468.0,41468.0
2025-06-03,15.88,15.56,16.28,15.53,35270.0,35270.0
2025-06-04,15.62,15.24,15.65,15.16,29527.0,29527.0
2025-06-05,15.3,15.07,15.39,15.05,16744.0,16744.0
2025-06-06,15.18,14.92,15.18,14.75,32635.0,32635.0
2025-06-09,14.9,14.77,15.03,14.65,24147.0,24147.0
2025-06-10,14.76,14.6,15.15,14.48,34886.0,34886.0
2025-06-11,14.65,14.79,14.87,14.5,17147.0,17147.0
2025-06-12,14.81,14.83,15.09,14.68,19379.0,19379.0
2025-06-13,14.83,14.63,14.91,14.48,17063.0,17063.0
2025-06-16,14.63,14.45,14.67,14.44,18378.0,18378.0
2025-06-17,14.53,14.12,14.53,14.05,26221.0,26221.0
2025-06-18,14.2,14.36,14.38,13.84,21193.0,21193.0
2025-06-19,14.36,14.13,14.61,14.1,17577.0,17577.0
2025-06-20,14.11,14.17,14.59,14.1,20623.0,20623.0
2025-06-23,14.05,14.32,14.37,13.94,15328.0,15328.0
2025-06-24,14.34,14.74,14.88,14.28,24259.0,24259.0
2025-06-25,14.88,14.83,14.98,14.6,19558.0,19558.0
2025-06-26,14.83,15.12,15.25,14.83,29963.0,29963.0
2025-06-27,15.23,15.73,15.75,15.09,47716.0,47716.0
2025-06-30,15.76,15.75,16.04,15.51,41660.0,41660.0
2025-07-01,15.77,15.79,15.87,15.53,22957.0,22957.0
2025-07-02,15.85,15.42,15.88,15.38,24166.0,24166.0
2025-07-03,15.48,15.22,15.52,15.15,14832.0,14832.0
2025-07-04,15.2,15.43,15.74,15.2,31096.0,31096.0
2025-07-07,15.43,15.2,15.51,15.1,16433.0,16433.0
2025-07-21,16.72,15.46,16.72,15.29,157988.0,157988.0
2025-07-22,15.31,15.13,15.31,14.39,82380.0,82380.0
2025-07-23,14.98,14.88,15.26,14.83,42217.0,42217.0
2025-07-24,15.0,14.77,15.0,14.58,41530.0,41530.0
2025-07-25,14.91,14.61,14.91,14.56,33312.0,33312.0
2025-07-28,14.68,14.95,15.7,14.61,80641.0,80641.0
2025-07-29,14.79,14.6,14.99,14.51,36002.0,36002.0
2025-07-30,14.55,14.5,14.68,14.43,25485.0,25485.0
2025-07-31,14.51,14.25,14.55,14.18,28770.0,28770.0
2025-08-01,14.19,14.27,14.39,14.15,18761.0,18761.0
2025-08-04,14.2,14.24,14.28,14.11,21069.0,21069.0
2025-08-05,14.28,14.44,14.69,14.24,30293.0,30293.0
2025-08-06,14.38,14.27,14.57,14.2,25108.0,25108.0
2025-08-07,14.27,14.37,14.5,14.05,32547.0,32547.0
2025-08-08,14.19,14.25,14.48,14.03,36073.0,36073.0
2025-08-11,14.26,14.32,14.45,14.22,22377.0,22377.0
2025-08-12,14.32,14.1,14.36,13.96,28631.0,28631.0
2025-08-13,14.15,14.11,14.15,14.0,17405.0,17405.0
2025-08-14,14.11,13.78,14.11,13.77,25471.0,25471.0
2025-08-15,13.79,14.25,14.46,13.79,44899.0,44899.0
2025-08-18,14.34,14.4,14.67,14.23,50533.0,50533.0
2025-08-19,14.4,14.36,14.44,14.11,36416.0,36416.0
2025-08-20,14.36,14.5,14.5,14.12,32859.0,32859.0
2025-08-21,14.46,15.95,15.95,14.44,79983.0,79983.0
2025-08-22,16.91,15.65,16.91,15.28,149501.0,149501.0
2025-08-25,15.66,15.67,15.9,15.48,71809.0,71809.0
2025-08-26,15.55,15.8,16.0,15.44,55015.0,55015.0
2025-08-27,15.8,14.97,15.8,14.92,55540.0,55540.0
2025-08-28,14.97,15.1,15.19,14.41,47256.0,47256.0
2025-08-29,15.1,15.06,15.23,14.82,37354.0,37354.0
2025-09-01,15.0,15.35,15.45,14.91,41584.0,
2025-09-02,15.32,15.18,15.46,14.78,29889.0,
2025-09-03,15.11,15.56,16.35,14.8,81707.0,
2025-09-04,15.46,15.27,15.63,14.97,43022.0,
2025-09-05,15.24,15.47,15.5,14.99,27323.0,
2025-09-08,15.49,15.59,15.8,15.35,45346.0,
2025-09-09,15.59,15.26,15.66,15.1,32057.0,
2025-09-10,15.21,15.06,15.23,14.86,38678.0,
2025-09-11,14.93,15.22,15.35,14.87,37606.0,
2025-09-12,15.2,14.89,15.32,14.83,34933.0,
2025-09-15,14.89,14.57,14.89,14.44,37899.0,
2025-09-16,14.58,14.67,14.73,14.47,21445.0,
2025-09-17,14.56,14.55,14.76,14.46,24300.0,
2025-09-18,14.56,14.18,14.56,14.1,24749.0,
2025-09-19,14.29,14.2,14.34,14.0,22691.0,
2025-09-22,14.69,14.2,14.69,13.98,23100.0,
2025-09-23,14.21,14.06,14.4,13.85,26424.0,
2025-09-24,14.07,14.0,14.14,13.9,22177.0,
2025-09-25,13.91,13.92,14.08,13.88,16809.0,
2025-09-26,13.92,13.95,14.26,13.78,24177.0,
2025-09-29,13.93,14.66,14.79,13.46,68938.0,
2025-09-30,14.58,15.02,15.03,14.41,48373.0,
2025-10-09,15.06,15.83,16.23,15.06,98208.0,
2025-10-10,15.8,16.59,16.74,15.66,111114.0,
2025-10-13,16.15,16.82,17.05,15.96,85945.0,
2025-10-14,16.78,16.84,17.15,16.6,62591.0,
2025-10-15,16.67,17.54,17.62,16.67,72026.0,
2025-10-16,17.54,17.77,18.16,17.38,63773.0,
2025-10-17,17.8,17.43,18.22,17.32,73838.0,
2025-10-20,17.29,17.76,17.96,17.29,60242.0,
2025-10-21,17.98,17.86,17.98,17.31,44680.0,
2025-10-22,17.7,17.7,18.0,17.48,45532.0,
2025-10-23,17.85,17.6,17.85,17.3,37823.0,
2025-10-24,17.6,17.97,18.07,17.36,70799.0,
2025-10-27,18.14,18.62,19.0,18.0,62828.0,
2025-10-28,18.88,18.6,18.98,18.48,48490.0,
2025-10-29,18.46,18.56,18.65,17.89,42799.0,
2025-10-30,18.38,18.52,19.3,18.37,63050.0,
2025-10-31,18.52,18.84,19.06,18.52,49208.0,
2025-11-03,19.0,18.71,19.0,18.38,38564.0,
2025-11-04,18.71,17.95,18.97,17.9,49468.0,
2025-11-05,17.8,18.02,18.11,17.65,40110.0,
2025-11-06,17.97,17.97,18.08,17.8,28129.0,
2025-11-07,17.94,18.09,18.44,17.67,35037.0,
2025-11-10,18.27,17.45,18.76,17.03,84002.0,
2025-11-11,17.3,17.72,17.82,17.23,35592.0,
2025-11-12,17.5,17.3,17.72,17.2,26922.0,
2025-11-13,17.26,17.49,17.58,17.1,18570.0,
2025-11-14,17.67,17.25,17.8,17.23,31507.0,
2025-11-17,17.23,17.24,17.93,17.15,28611.0,
2025-11-18,17.07,16.7,17.49,16.61,33722.0,
2025-11-19,16.57,16.33,16.77,16.17,27627.0,
2025-11-20,16.37,16.34,16.54,16.24,19567.0,
2025-11-21,16.2,15.59,16.21,15.35,26983.0,
2025-11-24,15.78,15.2,15.78,15.13,62473.0,
2025-11-25,15.18,15.56,15.8,15.18,34823.0,
2025-11-26,15.71,15.37,15.71,15.33,17429.0,
2025-11-27,15.39,15.65,16.15,15.23,34865.0,
2025-11-28,15.63,15.7,15.73,15.51,15263.0,
2025-12-01,15.7,15.53,15.83,15.52,21312.0,
2025-12-02,15.56,15.36,15.6,15.27,17636.0,
2025-12-03,15.35,15.69,15.99,15.29,39106.0,
2025-12-04,15.85,15.11,15.85,15.1,37159.0,
2025-12-05,15.17,15.16,15.27,14.97,19988.0,
2025-12-08,15.2,15.25,15.47,15.14,22357.0,
2025-12-09,15.28,15.11,15.28,15.03,17314.0,
2025-12-10,15.87,15.56,16.47,15.03,81162.0,
2025-12-11,15.81,15.21,15.95,15.18,51549.0,
2025-12-12,15.17,15.13,15.36,15.07,28755.0,
2025-12-15,15.13,15.31,15.54,15.01,26397.0,
2025-12-16,15.33,15.38,15.48,15.15,32938.0,
2025-12-17,15.26,15.25,15.42,14.98,23636.0,
2025-12-18,15.2,15.32,15.79,15.13,39437.0,
2025-12-19,15.35,15.39,15.55,15.34,23664.0,
2025-12-22,15.45,15.22,15.45,15.16,33703.0,
2025-12-23,15.22,14.95,15.25,14.91,28187.0,
2025-12-24,15.05,14.93,15.12,14.86,19572.0,
2025-12-25,14.95,14.85,14.96,14.56,41697.0,
2025-12-26,14.86,14.76,15.2,14.7,29508.0,
2025-12-29,14.73,14.7,14.89,14.53,37079.0,
2025-12-30,14.66,14.4,14.66,14.36,22989.0,
2025-12-31,14.4,14.27,14.44,14.1,27757.0,
2026-01-05,14.27,14.34,14.45,14.2,27451.0,
2026-01-06,14.4,14.37,14.77,14.22,40748.0,
2026-01-07,14.38,14.18,14.48,14.08,40669.0,
2026-01-08,14.17,14.24,14.32,14.08,48359.0,
2026-01-09,14.26,14.24,14.35,13.98,60472.0,
2026-01-12,14.27,14.17,14.37,13.82,71743.0,
2026-01-13,14.17,14.11,14.37,14.08,61601.0,
2026-01-14,14.11,14.29,14.44,13.97,73743.0,
2026-01-15,14.29,14.98,15.59,14.25,165598.0,
2026-01-16,14.98,14.86,15.16,14.61,98434.0,
2026-01-19,14.55,14.48,14.74,14.31,59934.0,
2026-01-20,14.48,15.0,15.16,14.41,69210.0,
2026-01-21,14.77,14.73,14.95,14.7,42443.0,
2026-01-22,14.74,14.8,14.94,14.55,34764.0,
2026-01-23,14.82,14.67,14.9,14.56,52143.0,
2026-01-26,14.66,14.42,14.7,14.41,43268.0,
2026-01-27,14.41,14.08,14.41,13.91,42053.0,
2026-01-28,14.08,14.05,14.19,13.91,23162.0,
2026-01-29,13.91,14.07,14.08,13.52,39887.0,
2026-01-30,14.06,14.14,14.19,13.9,23453.0,
2026-02-02,14.14,13.73,14.2,13.7,25491.0,
2026-02-03,13.85,13.76,13.97,13.65,20550.0,
2026-02-04,13.73,13.47,13.85,13.43,46203.0,
2026-02-05,13.47,13.42,13.58,13.35,21991.0,
2026-02-06,13.42,13.44,13.57,13.31,24449.0,
2026-02-09,13.55,13.29,13.6,13.24,44796.0,
2026-02-10,13.29,13.46,13.69,13.26,36879.0,
2026-02-11,13.51,13.4,13.54,13.36,18447.0,
2026-02-12,13.44,13.12,13.45,13.11,29713.0,
2026-02-13,13.12,13.09,13.24,13.08,18347.0,
2026-02-24,13.15,13.38,13.75,13.14,50038.0,
2026-02-25,13.38,13.42,13.52,13.37,26576.0,
2026-02-26,13.45,13.09,13.45,13.07,38915.0,
2026-02-27,13.05,12.89,13.06,12.84,35748.0,
2026-03-02,12.75,12.89,12.89,12.46,45296.0,
2026-03-03,12.85,12.57,13.16,12.56,31793.0,
2026-03-04,12.43,12.44,12.63,12.41,21851.0,
2026-03-05,12.52,12.5,12.78,12.46,22074.0,
2026-03-06,12.49,12.79,12.79,12.44,23709.0,
2026-03-09,12.75,12.65,12.75,12.53,19936.0,
2026-03-10,12.71,12.83,12.84,12.7,18372.0,
2026-03-11,12.84,12.83,12.93,12.73,20223.0,
2026-03-12,12.94,12.89,13.07,12.81,23971.0,
2026-03-13,12.82,12.68,12.91,12.63,24592.0,
2026-03-16,12.68,12.51,12.76,12.42,32438.0,
2026-03-17,12.54,12.48,12.62,12.4,21166.0,
2026-03-18,12.48,12.6,12.61,12.34,17535.0,
2026-03-19,12.5,12.32,12.69,12.3,18164.0,
2026-03-20,12.28,11.95,12.37,11.93,20006.0,
2026-03-23,11.74,11.31,11.8,11.24,32282.0,
2026-03-24,11.44,11.57,11.59,11.28,22514.0,
2026-03-25,11.83,11.88,11.89,11.66,17827.0,
2026-03-26,11.84,11.81,12.0,11.66,15551.0,
2026-03-27,11.66,12.03,12.03,11.66,16019.0,
2026-03-30,11.9,12.17,12.21,11.88,19683.0,
2026-03-31,12.26,11.98,12.27,11.98,18552.0,
2026-04-01,12.06,12.41,12.42,12.06,26195.0,
2026-04-02,12.39,12.29,12.51,12.18,24157.0,
2026-04-03,12.32,11.96,12.36,11.95,16915.0,
2026-04-07,11.97,12.27,12.4,11.93,21034.0,
2026-04-08,12.2,12.49,12.59,12.2,26397.0,
2026-04-09,12.41,12.24,12.47,12.2,18103.0,
2026-04-10,12.24,12.2,12.39,12.18,11764.0,
2026-04-13,12.2,12.14,12.2,11.85,21739.0,
2026-04-14,12.18,12.18,12.29,12.04,14203.0,
2026-04-15,12.22,12.0,12.27,11.97,18570.0,
2026-04-16,12.04,12.16,12.16,11.96,13912.0,
2026-04-17,12.16,12.08,12.16,11.97,16335.0,
2026-04-20,12.07,12.0,12.16,11.98,17448.0,
2026-04-21,12.07,11.88,12.07,11.76,14894.0,
2026-04-22,11.88,11.88,11.95,11.79,14677.0,
2026-04-23,11.85,11.83,11.94,11.78,16509.0,
2026-04-24,11.83,11.9,11.98,11.7,24023.0,
2026-04-27,11.9,11.87,11.95,11.65,21805.0,
2026-04-28,12.0,11.89,12.0,11.78,16149.0,
2026-04-29,11.66,12.02,12.05,11.66,20851.0,
2026-04-30,12.05,12.05,12.12,11.92,17626.0,
2026-05-06,12.07,12.2,12.2,12.0,27022.0,
2026-05-07,12.2,12.25,12.33,12.12,22226.0,
2026-05-08,12.28,12.28,12.28,12.16,19841.0,
2026-05-11,12.29,12.37,12.61,12.29,26841.0,
2026-05-12,12.55,12.21,12.78,12.13,38729.0,
2026-05-13,12.55,12.37,12.55,12.11,32643.0,
2026-05-14,12.37,12.25,12.48,12.15,27161.0,
2026-05-15,12.11,12.24,12.55,12.11,29814.0,
2026-05-18,12.24,12.41,12.46,11.94,40518.0,
2026-05-19,12.5,12.38,12.65,12.33,33822.0,
2026-05-20,12.37,12.38,12.49,12.16,25346.0,
2026-05-21,12.42,11.85,12.45,11.8,33202.0,
2026-05-22,11.99,11.93,12.05,11.61,24969.0,
2026-05-25,12.08,11.7,12.08,11.6,22890.0,
2026-05-26,11.7,11.4,11.75,11.29,18955.0,
2026-05-27,11.37,11.37,11.42,11.06,24510.0,
2026-05-28,11.31,11.32,11.64,11.26,27630.0,
2026-05-29,11.33,11.0,11.42,10.97,25832.0,
2026-06-01,11.0,11.3,11.4,10.91,20766.0,
2026-06-02,11.32,11.13,11.47,11.06,16177.0,
2026-06-03,11.09,11.01,11.18,10.9,19359.0,
2026-06-04,11.0,10.91,11.09,10.84,16776.0,
2026-06-05,10.91,10.85,10.99,10.7,12767.0,
2026-06-08,10.75,10.58,10.88,10.2,26246.0,
2026-06-09,10.59,10.66,10.79,10.51,19066.0,
2026-06-10,10.67,11.2,11.33,10.56,43919.0,
2026-06-11,11.13,11.69,12.08,11.01,70995.0,
2026-06-12,11.69,11.33,11.96,11.32,40141.0,
2026-06-15,11.36,11.65,11.9,11.26,38137.0,
2026-06-16,11.65,11.45,11.8,11.37,21823.0,
2026-06-17,11.45,11.16,11.47,11.02,23604.0,
2026-06-18,11.16,11.07,11.19,10.85,26943.0,
2026-06-22,11.25,11.06,11.48,10.95,41110.0,
2026-06-23,11.06,11.37,11.4,11.01,23161.0,
2026-06-24,11.28,11.18,11.37,11.1,18449.0,
2026-06-25,11.19,11.02,11.19,10.86,20931.0,
2026-06-26,10.9,11.13,11.35,10.81,20343.0,
2026-06-29,11.05,11.27,11.27,10.55,24816.0,
2026-06-30,11.16,11.11,11.35,11.01,17431.0,
2026-07-01,11.11,11.4,11.5,11.02,19645.0,
2026-07-02,11.31,11.39,11.57,11.3,16351.0,
2026-07-03,11.39,11.8,11.93,11.32,35488.0,
2026-07-06,11.8,12.23,12.32,11.8,44947.0,
2026-07-07,12.2,12.15,12.31,11.93,25272.0,
2026-07-08,12.01,12.23,12.45,12.01,39358.0,
2026-07-09,12.2,12.02,12.2,11.71,24511.0,
2026-07-10,12.02,11.85,12.04,11.8,17793.0,
2026-07-13,11.81,11.58,11.97,11.46,25920.0,
2026-07-14,11.51,11.51,11.7,11.43,18711.0,
2026-07-15,11.45,12.15,12.54,11.41,80784.0,
2026-07-16,12.33,12.2,12.37,11.74,42716.0,
2026-07-17,12.1,12.13,12.24,11.93,28366.0,
2026-07-20,12.17,11.9,12.28,11.66,30310.0,
2026-07-21,11.94,12.04,12.07,11.73,24547.0,
2026-07-22,11.9,11.97,12.0,11.67,20835.0,
2026-07-23,11.82,11.82,11.91,11.75,18899.0,
2026-07-24,11.78,11.83,11.98,11.66,17453.0,
2026-07-27,11.76,12.0,12.05,11.69,20584.0,
2026-07-28,12.0,11.97,12.06,11.83,17158.0,
2026-07-29,11.97,12.08,12.11,11.81,22142.0,
2026-07-30,12.01,11.65,12.19,11.46,35974.0,
2026-07-31,11.56,11.8,11.87,11.5,32431.0,
2026-08-03,11.69,11.59,11.95,11.45,26439.0,
2026-08-04,11.58,11.49,11.64,11.25,35391.0,
2026-08-05,11.41,11.45,11.7,11.41,21720.0,
2026-08-06,11.45,11.44,11.46,11.21,19548.0,
2026-08-07,11.44,11.57,11.74,11.35,35123.0,
2026-08-10,11.57,11.81,11.92,11.45,28628.0,
2026-08-11,11.71,11.69,11.78,11.64,13203.0,
2026-08-12,11.7,11.99,12.12,11.61,31235.0,
2026-08-13,12.07,11.96,12.12,11.84,24628.0,
2026-08-14,12.0,12.32,12.41,11.95,76350.0,
2026-08-17,12.33,12.47,12.51,12.04,47265.0,
